t	c_test	sig1	sig2	sig3	alpha	L1	L00	L_R	MSE1	MSE00	MSE_R	sig1R	sig2R	sig3R	alphaR	lhspR	id
1	3	0.0933382132451824	0.111853958587831	0.13	0.115750618282118	101.122509925569	114.574474390011	107.217843858911	0.454699476904365	2.30780062319883e-05	0.248677189957405	0.0930565013116355	0.112717082151239	0.13	0.102293682637298	0.112894077157993	mm_exp1
2	2	0.092021932765378	0.13	0.143310781154648	0.114059849610551	132.702809072105	105.907474275227	127.505492368474	0.0200073397575955	0.925689655892058	0.195676644340312	0.0913949347733196	0.13	0.136080826603628	0.101310628385353	0.108706322306618	mm_exp1
3	1	0.13	0.106846530023663	0.138903412635297	0.111475617937696	123.842653622192	63.9553150061284	108.524160790331	0.634891893190764	2.65908393841372	1.15265695090768	0.13	0.108062003845261	0.132907735866993	0.100644169866999	0.107048576200247	mm_exp1
4	5	0.0925571546578006	0.110668296698478	0.144493083308248	0.114748022600314	165.25573360626	132.108613022665	160.537879314044	0.0345784780218365	1.15495115374737	0.194041953098757	0.0945269081861435	0.11215270665269	0.137460964357602	0.13	0.111376217516662	mm_exp1
5	4	0.0900915493400768	0.106972516604617	0.139089913666688	0.13	120.700572744758	68.9858728094242	101.611105402028	0.330923516944416	2.0788803747587	0.976147513128696	0.0895760938456917	0.106103909402884	0.130164717282509	0.0996621242554654	0.13	mm_exp1
6	6	0.0916323799413545	0.109276850181629	0.142471550811244	0.113559977997198	0	0	0	0	0	0	0.0921876695137632	0.110281238532689	0.141895856170073	0.100424054079368	0.112490616099047	mm_exp1
1	5	0.129487702349958	0.0815443944059994	0.0988619942300236	0.158616534780617	61.0865703027064	62.1925895788472	61.0834442643568	0.241379193770848	0.203995742237287	0.241484853867063	0.129474118873834	0.0815511531679832	0.0988670105681804	0.13	0.158601116175428	ks_exp1
2	4	0.13035389569449	0.082072626605572	0.0995693103496309	0.13	25.9727879512221	26.4100540376713	26.417741379594	0.0150402734247771	0.000260679702791786	8.47545807099403e-07	0.126497056422895	0.0837874467022861	0.101359175801949	0.0992661364800458	0.13	ks_exp1
3	6	0.132115366197217	0.0831354269745133	0.10099883228215	0.161531827112635	0	0	0	0	0	0	0.132112987903389	0.0831393352703373	0.101001475993192	0.101555319602798	0.16150129792872	ks_exp1
4	1	0.13	0.0838553148412035	0.101968490714865	0.162850536771815	59.2035184457264	58.6486469340162	59.431186875615	0.0188622210579417	0.0376168781537474	0.0111670281277093	0.13	0.0841751476282627	0.104136648887118	0.102845446529411	0.155544314100069	ks_exp1
5	3	0.135272457167419	0.0850372610488614	0.13	0.165011121068022	82.2378490779239	82.2386489649236	82.2378230716498	0.00115358128908669	0.00112654510849557	0.00115446030115108	0.135274139992716	0.0850404527531888	0.13	0.103648135377729	0.164996219765143	ks_exp1
6	2	0.132015381698756	0.13	0.10091709884895	0.161421657160823	75.0550796396668	75.9261276754202	75.0489398105409	0.217641780952436	0.18820035734397	0.217849307176891	0.132007841086585	0.13	0.100912844909975	0.101478496085144	0.16138838353592	ks_exp1
1	2	0.0709782553035054	0.13	0.144405525887796	0.0856626170859518	80.7902856327965	80.8128106010789	80.8453238579325	0.00202140533634536	0.00126006140839978	0.00016111332674718	0.072779740350755	0.13	0.140890213125557	0.163145405479435	0.0879904051851932	ch_exp1
2	3	0.0688957385767327	0.105122528107461	0.13	0.0828383376452976	43.2598182606075	41.9703680021626	42.5094056319238	5.21530327273231e-06	0.0435886340387112	0.0253691621527805	0.0710969385602506	0.107020889135951	0.13	0.148705589995633	0.0853565738649264	ch_exp1
3	1	0.13	0.102995477008968	0.137347714130942	0.081325822040984	69.4518514631418	69.9418603352893	69.4468627300515	0.723178414974021	0.706616115095434	0.723347034152473	0.13	0.102998760119002	0.137329167502829	0.161076085861428	0.0813309339188523	ch_exp1
4	4	0.0693399018227142	0.105969047049311	0.140787717341731	0.13	75.4664312066097	72.905908190458	74.6424014590868	0.228766877434675	0.315312555380601	0.256619082900951	0.0713688653378437	0.109073735857525	0.137137484182797	0.158393853392371	0.13	ch_exp1
5	5	0.0698420127231838	0.106925269675169	0.141890454783318	0.0841111801379543	25.0606035650954	28.5307624071748	26.9913421143921	0.220603899904779	0.103312531042493	0.15534493693855	0.0706801081459703	0.107887199842314	0.136701299835264	0.13	0.0851169331781391	ch_exp1
6	6	0.0693901871434918	0.106067332397513	0.140898484348357	0.0835036336412568	0	0	0	0	0	0	0.0706662595373099	0.107964501363048	0.13734857758989	0.159179779408967	0.0851226939656477	ch_exp1
1	6	0.10995913360394	0.0929026650132351	0.140241637556417	0.125247475923062	0	0	0	0	0	0	0.108972142385526	0.0961697610986115	0.141170050562856	0.121161609696223	0.120252320137348	ej_exp1
2	5	0.109792315127406	0.0927319635962577	0.139865165186404	0.125073167035619	63.2506419159081	49.9161259193221	62.6486650014759	0.00632385276589344	0.457030493450502	0.0266706724737036	0.108423665166081	0.0952406693692982	0.140677414880653	0.13	0.120148268574581	ej_exp1
3	4	0.109017026694593	0.091940745513878	0.138125492630935	0.13	57.0854076374163	45.8239675621575	55.3847128088064	0.0706450758745929	0.451281750418339	0.128128561081607	0.106695181415069	0.0944116081363136	0.137516812400521	0.118686292462289	0.13	ej_exp1
4	1	0.13	0.0921921722635722	0.138679440170362	0.124521883138658	68.036882580607	57.3548791032839	66.6908681343953	0.0712844554752369	0.432336173008759	0.116779743757193	0.13	0.0955013486670434	0.139725685958457	0.120012635416823	0.119212769332607	ej_exp1
5	3	0.111722224398004	0.0947127716951662	0.13	0.127093400211236	55.6200074831871	53.9376132334119	55.6209598514807	0.318086487391893	0.374951413034292	0.318054297343569	0.111726245754215	0.0947172925149973	0.13	0.125288604036897	0.127090709919357	ej_exp1
6	2	0.10991041384492	0.13	0.140131868291764	0.125196878675716	81.7539671118542	-524.539031335015	80.9192884918683	0.0432311091363786	20.5359344566406	0.0714432464918987	0.109470624543217	0.13	0.142122151659101	0.121556982700857	0.120785138518316	ej_exp1
1	3	0.0935560390556341	0.0990716117112705	0.13	0.0783558842746776	52.7812119291633	-50.2074111253228	46.3491027594541	0.0148597442486132	3.49587520349024	0.232265034184782	0.0919509154340028	0.0974859721502422	0.13	0.096353064771025	0.0800552178130239	aa_exp1
2	1	0.13	0.098269521382115	0.136764614799078	0.0777917115812235	64.482937441331	58.5417343013542	58.2579519117197	0.239540066339046	0.440352732470261	0.449944577239908	0.13	0.100176549036388	0.128670590331322	0.0992967350746787	0.0798604080982303	aa_exp1
3	2	0.0952029208409921	0.13	0.140315667787215	0.0796675348954291	76.1040953013224	73.4541047090912	73.4144644562746	0.0367599172315504	0.126329599248966	0.127669439794168	0.0965240796328624	0.13	0.13233911909983	0.102000415469246	0.0818321629696365	aa_exp1
4	4	0.0909889576674816	0.096175840043666	0.133979315699298	0.13	62.8498095059793	64.0012872570842	62.8400659603456	0.735807269271228	0.696887321283883	0.736136601113647	0.0909909453819035	0.0961790373811107	0.133969755102185	0.0961654185579841	0.13	aa_exp1
5	6	0.0933397516131654	0.0988278960309102	0.137512189715832	0.0781836335656934	0	0	0	0	0	0	0.0943591569386845	0.100540292699396	0.128628384127867	0.0996100035639342	0.0802056365919385	aa_exp1
6	5	0.0939757754646703	0.0995461922158388	0.138468955077943	0.078690178182005	74.8997239503992	70.150458464241	70.8535790041172	0.108951003586919	0.269476177019068	0.245710702771251	0.0951003476800932	0.101321065463421	0.131017926937781	0.13	0.080553676037201	aa_exp1
1	6	0.0800820777486801	0.0828066504441301	0.126176405808883	0.075690224977595	0	0	0	0	0	0	0.0812774595904081	0.0841863004384159	0.123791171302538	0.100722563425912	0.0764277756967856	cf_exp1
2	5	0.0743201847583221	0.0766877034637991	0.116996898116617	0.0706263348760261	33.3978122927563	-88.6934912964462	-23.9388198990528	1.03679076904257	5.16347683035761	2.97476893712571	0.0751189603918202	0.0777614460602076	0.106917174582263	0.13	0.0706297132035766	cf_exp1
3	4	0.077715354655885	0.0803009519218464	0.122411340806983	0.13	54.6707807044825	72.7488866266475	45.357280489146	1.09797528999695	0.486935309827771	1.41277159727532	0.0791112714095315	0.0818695658774996	0.120254450114995	0.0981808059829785	0.13	cf_exp1
4	1	0.13	0.0845006398577405	0.128783893801033	0.0770984104935044	80.0825490425001	-45.4181573286713	62.2996279587976	0.387544611543314	4.62946848688891	0.988607344172457	0.13	0.0890082404593439	0.121405537586083	0.0992355108904246	0.0799751994703557	cf_exp1
5	3	0.0828266771334074	0.0857265182620701	0.13	0.0781067732955678	72.009990137548	37.7589587796611	73.8556632436853	0.0760386400057584	1.23372349990234	0.0136548890183191	0.0836716011121258	0.0869442544694968	0.13	0.103402675976924	0.0787347808795666	cf_exp1
6	2	0.0832881541460146	0.13	0.131376867950628	0.0785098826651888	88.8994946589108	53.7811228703268	75.869925322594	0.182107837488357	1.36910880394249	0.622507281055865	0.0873634533170457	0.13	0.123706042990882	0.1010815622647	0.0820802038664085	cf_exp1
1	1	0.13	0.269046741322468	0.299882174440804	0.251314318003908	-78.1975801953562	-171979.296367115	-89.2257675772439	0.159797640038891	5810.41693663794	0.532550373546693	0.13	0.273221198017553	0.304086358129252	0.268644546102511	0.239605119789763	pa_exp1
2	2	0.254872954846288	0.13	0.306059505011655	0.253049029759665	-112.347968320985	-147938.007687688	-134.860701382117	1.21936365637623	4997.72666217099	1.98029403384252	0.254673106197187	0.13	0.313077797559975	0.274675786465257	0.244083418615798	pa_exp1
3	3	0.257121047639968	0.277094569884796	0.13	0.254306774873944	-183.468220647839	-68491.8168411714	-215.782113010533	3.2979902965307	2312.12017367023	4.39019985838974	0.257984780613372	0.283535245235674	0.13	0.278580407399342	0.246367822793877	pa_exp1
4	4	0.248513817720474	0.264148933073883	0.2933996238418	0.13	-82.3703745812962	-120943.550331296	-82.601126379266	0.032059185485679	4085.13994172243	0.0398585962570558	0.245188068784504	0.267669871719602	0.298151654192863	0.263340529130644	0.13	pa_exp1
5	6	0.252875984912909	0.270681745654957	0.302053937298341	0.25192705232379	0	0	0	0	0	0	0.251525440012889	0.275240374110498	0.308463273484439	0.273295395230776	0.243359515632034	pa_exp1
6	5	0.251797472916786	0.269061129974238	0.299902009525902	0.251319249850384	-117.181496042412	-71336.2747767482	-124.741611520423	0.262241624717956	2407.46759451257	0.517773527874713	0.249822753657375	0.272533711381474	0.304923454877797	0.13	0.242040957740084	pa_exp1
1	6	0.073751905407852	0.0716336386814706	0.0914227050750393	0.0894875704587383	0	0	0	0	0	0	0.0737751810104652	0.0716856984271259	0.0914994952531259	0.0841206944757591	0.0893746166489671	jm_exp1
2	5	0.0716503326610379	0.0688793994167902	0.0873717962033194	0.0912845997901657	74.8655476911908	-393.650129564657	74.8611880425888	0.395639600684017	16.2314694919317	0.395786956806765	0.071648221924909	0.068883564296908	0.0873720267394052	0.13	0.0912694538619789	jm_exp1
3	4	0.0698945112253194	0.0666029082354655	0.084059930214411	0.13	57.6748919398993	-2.40621767576782	57.6639280985022	1.09207954060035	3.1228210456099	1.09245011843957	0.0698965755385304	0.066607197911859	0.0840551518918635	0.0841132000648771	0.13	jm_exp1
4	1	0.13	0.0728030359683976	0.0931481475283206	0.0887602112643719	92.5592110582711	-12076.5423755465	92.5566708664672	0.00103813547467172	411.316671762714	0.00112399395764226	0.13	0.0728422290360415	0.0932186594937449	0.0841507799888307	0.0886768387603713	jm_exp1
5	3	0.0765166183776529	0.0753106779624047	0.13	0.0872505075182418	87.3835822367863	-125.68785214693	87.3979013436806	0.268136855100259	7.46995133726987	0.267652869287233	0.076531869983398	0.0753341487717483	0.13	0.084197042226225	0.0872241160060386	jm_exp1
6	2	0.0758221595753397	0.13	0.0954956132467992	0.0877997418149956	96.2789414529526	-10568.739394321	96.2908661397127	0.0380232506216995	360.515642999782	0.0376201962092054	0.0758315181431699	0.13	0.0955361090453553	0.0841820479279672	0.0877650502762692	jm_exp1
1	1	0.13	0.153580054160831	0.198912897320968	0.174692169632771	5.98495006025204	12.2366759893153	11.648934132219	0.218104573907165	0.00679623750482823	0.0266619122746818	0.13	0.159342847895698	0.191854900140109	0.189364827228086	0.173289039043303	ck_exp1
2	3	0.165685502826678	0.164219311746846	0.13	0.18648573855809	-30.245743733031	-17660.8137047096	-49.05225043136	0.916713487480473	596.829910568488	1.55237341388399	0.157715942625875	0.170361904691514	0.13	0.201466008435423	0.184590137972902	ck_exp1
3	2	0.165220696884549	0.13	0.212168280002011	0.185740092861128	29.3156213326335	-13464.8404160006	17.5860158680679	0.178022010541217	456.280496072404	0.574482675243535	0.159571881964339	0.13	0.205581432145067	0.204096904940794	0.186173051853765	ck_exp1
4	4	0.164675550280639	0.16275231797655	0.211110776176732	0.13	3.24852164231359	-4329.63473645815	-10.7962190085376	0.321194625374959	146.772648749171	0.795906859373728	0.158040013102292	0.169846640470901	0.203754679331602	0.201601021716163	0.13	ck_exp1
5	5	0.167297308322593	0.166584012085684	0.21621620713874	0.189106167373837	-22.3607752535395	-847.973588545176	-44.059162590995	1.37807935798912	29.2837924472464	2.11148484999511	0.159886617828919	0.172569731425191	0.207573303055411	0.13	0.187443139075729	ck_exp1
6	6	0.16434108908342	0.162265627703782	0.210465764719345	0.184323531002603	0	0	0	0	0	0	0.160076487495374	0.165676793034085	0.206723360119667	0.202228754614576	0.182678909253581	ck_exp1
1	2	0.181127808383985	0.13	0.158425990669226	0.212673327995446	42.9860679561523	-45515.1426125319	42.983627562314	0.144112338760315	1540.00886173926	0.144194824072048	0.181136245998083	0.13	0.158431997764018	0.156427009311812	0.212661392509494	st_exp1
2	1	0.13	0.131786273077415	0.157961981777157	0.212437646592715	13.2108460382567	20.279858630931	13.206532306107	0.298597415346154	0.0596647897137649	0.298743219492814	0.13	0.131793225716435	0.157969460052061	0.15634896507129	0.212427466156165	st_exp1
3	3	0.179876186937673	0.13122711107812	0.13	0.212149938357598	27.3995388696558	30.9704401533752	27.3966767813316	0.121146618119525	0.000450154729809526	0.121243356704884	0.179884708851259	0.131232344934888	0.13	0.156250327897635	0.212139973488563	st_exp1
4	4	0.174602914211426	0.126943043372706	0.153049387612827	0.13	-24.6905419769574	-117.693798709118	-24.6900066611553	0.0287220096424823	3.1722320871895	0.0287039159683741	0.174601287743993	0.126953348023556	0.153050096283085	0.155519315682921	0.13	st_exp1
5	5	0.172659695881792	0.125375438255381	0.151449168377511	0.209082596663519	28.4747222329562	17.8369401176355	28.4820189883469	0.251662118124393	0.611219153622233	0.251415487792187	0.172668222327262	0.125387030316408	0.151459276832051	0.13	0.209053667426435	st_exp1
6	6	0.177955594644841	0.129664437418791	0.155820892000454	0.211356107563693	0	0	0	0	0	0	0.177968678777453	0.129679166853369	0.155825892227178	0.155990831068852	0.21132925140544	st_exp1
1	4	0.057302228264772	0.0686351433418498	0.0930641208833671	0.13	75.1016312671033	71.3191447633727	75.0960351086722	0.126936657187618	0.254784701013709	0.127125807342587	0.0573019294649618	0.0686330412363276	0.0930558801806417	0.117489557136193	0.13	ml_exp1
2	6	0.0573023459185693	0.0686007996052859	0.0941537184256932	0.103736705831832	0	0	0	0	0	0	0.0572887362321304	0.0686034281450434	0.0941658355271968	0.117682620482293	0.103748950966186	ml_exp1
3	5	0.0573030336220696	0.0685992965052417	0.0942423972010404	0.103688065066606	66.9033756948079	66.9210936664841	66.9034230599873	0.000598904758424052	3.7315769194483e-08	0.00059730381536011	0.0572995715321143	0.0685961778026901	0.0942441138957838	0.13	0.103687024742842	ml_exp1
4	1	0.13	0.0686027868017776	0.0940015662060581	0.103851452959156	98.2331976875174	98.2530181616349	98.2331073660684	0.00299831101021463	0.00232837898504338	0.00300136387519262	0.13	0.068603255295286	0.0940071147502658	0.117661145275572	0.1038323506127	ml_exp1
5	3	0.0573014124190097	0.0685615337397098	0.13	0.102795681815724	80.8723751589708	79.687890902978	80.8710342150331	0.15175517627698	0.191790744129538	0.151800500182073	0.0573016346182645	0.0685618135543937	0.13	0.117951575703401	0.102796496789546	ml_exp1
6	2	0.0573019106098661	0.13	0.0939535877530492	0.103893203850376	94.1492573268155	94.1216230103414	94.1490849956629	0.00476447108316793	0.00569851097999241	0.0047702958761239	0.0572947621981683	0.13	0.0939462853060831	0.117640426297071	0.103894310074771	ml_exp1
1	1	0.13	0.108969552775954	0.119657838721552	0.106133603852681	74.3308511355606	-7917.47656988988	71.0548421077951	0.458572564094008	270.581663394754	0.569301669232481	0.13	0.10152051509196	0.116357785681706	0.134700097643521	0.109313830062443	pc_exp1
2	3	0.0804912644499415	0.110041458579805	0.13	0.110165362942954	62.8074770417799	-371.981683774674	59.50026961712	0.00606948987722875	14.7019431254734	0.117853100830732	0.0769545195572937	0.0985967526451759	0.13	0.133486612199391	0.112292670754386	pc_exp1
3	2	0.0796806219671293	0.13	0.119639634027143	0.106107274199903	58.6158526623648	7.63160343343676	46.5110634610321	0.385835709420008	2.10910333335778	0.794977584425055	0.0769007647685427	0.13	0.113898041847562	0.130480302629978	0.107276771671261	pc_exp1
4	4	0.0813773987356671	0.111224059898771	0.125675046996895	0.13	77.7498112664977	80.1185913497727	80.2215662238197	0.178306054954666	0.0982412881399701	0.094760737397179	0.0816143650081004	0.107183383747713	0.125317916150319	0.146458702260431	0.13	pc_exp1
5	6	0.0805505501738905	0.110120435433028	0.12270394277177	0.110466301621616	0	0	0	0	0	0	0.0799775554069591	0.104704642030969	0.120093748713327	0.141764315057752	0.116704033094041	pc_exp1
6	5	0.0813612332491259	0.111195624593308	0.125598056554534	0.114665092638545	55.4153054108576	-730.549172271083	60.2974504196005	0.45102909645273	27.0166284421023	0.28601259515722	0.0806183256110172	0.106022488481817	0.12421900783666	0.13	0.120842544322681	pc_exp1
1	1	0.13	0.0836369172889481	0.108571440610687	0.0775961669289611	147.46611001822	102.461950627524	147.443886735901	0.0644914788977719	1.58563206630329	0.0652426258401536	0.13	0.0836442723710112	0.108584180185264	0.077325403655532	0.0775917091411149	ml_exp2
2	2	0.0712962738108326	0.13	0.109547948358128	0.0780456831044735	139.168946984306	117.673190322719	139.170726885528	0.000915042174032349	0.727471617335665	0.000854881512717071	0.0712952636043659	0.13	0.109555384831723	0.0772915243900239	0.078046198799459	ml_exp2
3	3	0.0714176698736274	0.084536335281409	0.13	0.0782659321113445	119.412967581813	-305.954576539342	119.42632829068	0.0850908329184893	14.4625138242135	0.0846392409587694	0.0714175618114423	0.0845394856941611	0.13	0.0772739859535368	0.0782680283723308	ml_exp2
4	4	0.0712242709865991	0.08407153373694	0.109270271074869	0.13	176.466091768874	140.739563270484	176.459232965399	0.00801535350114746	1.21557201674676	0.00824718105860876	0.0712206374973868	0.0840744681855727	0.109273723672401	0.0772983574451048	0.13	ml_exp2
5	6	0.0711369599054913	0.0838614996501786	0.108932290348654	0.0777575621895784	0	0	0	0	0	0	0.0711347353208214	0.0838639044106232	0.108935235236942	0.0773118860990841	0.0777588963586156	ml_exp2
6	5	0.0706730376944033	0.0827513642388417	0.107147778618789	0.0769218581453472	166.803667734823	140.16717737583	166.713407891123	0.338005848547491	1.23831922268146	0.341056631264538	0.0706665968651994	0.0827532014155614	0.107151400392521	0.13	0.076918471485823	ml_exp2
1	2	0.127553675545762	0.13	0.125836537567194	0.0867162022614743	106.49761443698	109.732391196913	106.499210954687	0.12158439957202	0.0122489450862944	0.121530437273512	0.12754720418146	0.13	0.125831679331005	0.113797298967998	0.0867309928397644	js_exp2
2	3	0.127431568577613	0.113773322300238	0.13	0.0865147721622751	94.3485817883459	94.1275440542989	94.3475771761937	0.0950265879507931	0.102497663361584	0.0950605438415401	0.127420847959386	0.113779481784474	0.13	0.113509553630426	0.0865138609417934	js_exp2
3	1	0.13	0.111946213292198	0.12367928529318	0.0844793219542753	73.8954324670035	89.0385740018724	73.8863227117896	0.559868686599268	0.0480305027206978	0.560176596325498	0.13	0.111941343029689	0.123671346962959	0.110584485670427	0.084484269778206	js_exp2
4	6	0.128240232837334	0.114923321135735	0.126878487549294	0.0878022331988954	0	0	0	0	0	0	0.128229784859933	0.114921999382786	0.126875080879715	0.11536523731825	0.0878125029312363	js_exp2
5	5	0.130235041186444	0.117780768853213	0.129947589121507	0.0910582015203654	129.692864366807	121.705982368451	129.69454072416	0.309461358788125	0.579417970332533	0.309404697909583	0.130228773436328	0.117786875309281	0.129949101480614	0.13	0.0910632944233165	js_exp2
6	4	0.129567554356544	0.116840754644481	0.128931483013474	0.13	149.587294125228	147.016484365467	149.587300834401	0.00018152184285963	0.0870748917228087	0.000181295072831648	0.129572668711912	0.116840148382449	0.128932317116775	0.118498945855226	0.13	js_exp2
1	3	0.142366232216404	0.128579969682829	0.13	0.110650749528081	28.4121758812677	26.4396966269148	28.4088510304814	0.567586346989771	0.6342561457869	0.567698726946347	0.14234079007025	0.12856903321067	0.13	0.112473359778378	0.110652325310563	mm_exp2
2	2	0.14041071853878	0.13	0.170934456003682	0.10926089248601	76.0269597495369	76.3853748158057	75.4144149109315	0.0586077738990028	0.0464933446591181	0.0793117894438665	0.137520304972866	0.13	0.177277671961576	0.108076848116783	0.107218048993926	mm_exp2
3	1	0.13	0.12689190332749	0.171155213445912	0.109313622322665	57.706836378454	57.3684908189316	57.6370005180507	0.0360102625042773	0.0474463424161351	0.0383707145859093	0.13	0.124015884850197	0.16972254800504	0.112962216592601	0.108214690734003	mm_exp2
4	6	0.141082966609081	0.12742610511836	0.172876845204807	0.10973899294469	0	0	0	0	0	0	0.13766655888907	0.125621905976058	0.172625672883764	0.114243596387404	0.109243698839785	mm_exp2
5	4	0.140636205886249	0.127023800368053	0.171579914759728	0.13	58.6959235145734	59.7144480326991	59.0068863470379	0.055215016331252	0.0207888876186036	0.0447044725939514	0.137157629679401	0.125262107077106	0.17171672779736	0.114007071089901	0.13	mm_exp2
6	5	0.141470581559177	0.127773586612748	0.174005232920463	0.11001573532325	61.5658977497426	60.9608258995715	61.5112980031901	0.00773629177026997	0.0281877203060523	0.00958176320374348	0.138817086103799	0.126548383487804	0.174823797156927	0.13	0.109892381219183	mm_exp2
1	3	0.0941668895016294	0.11761775523125	0.13	0.123527167765365	84.5134504726839	92.6665178142788	84.5040174662908	0.29224962597582	0.0166759498299116	0.292568461591906	0.0941783212101759	0.117620748902338	0.13	0.107774582250961	0.123496580278669	pc_exp2
2	2	0.0973276275403787	0.13	0.128926012238994	0.124539721745351	108.321871820854	101.305177592132	108.322900521236	0.0218123480668407	0.258976612997637	0.0217775779939131	0.0973457381387039	0.13	0.128905630240617	0.110692213396294	0.124520304099368	pc_exp2
3	1	0.13	0.122104364945961	0.129483099756674	0.125022712990227	132.610273745272	124.262306177254	132.611712159909	0.0876087392812596	0.369770043080295	0.0875601208665407	0.13	0.122116143348897	0.129465297128483	0.112106457347267	0.125007823800642	pc_exp2
4	6	0.0964294041347364	0.119782940917202	0.128597767932867	0.124254583874494	0	0	0	0	0	0	0.0964491283453588	0.11979279383353	0.128571883576561	0.109869258573576	0.12422986726492	pc_exp2
5	4	0.0939771873900374	0.117433340231316	0.127689861939177	0.13	88.7631933578502	97.5786184012272	88.7544790734352	0.35074834332973	0.0527869768635902	0.35104288614296	0.0939988820913364	0.117441430298541	0.127643262448565	0.107610269109177	0.13	pc_exp2
6	5	0.09766935910998	0.120963201680436	0.12905037708709	0.124647261237341	126.208658271994	121.217897219886	126.208380352869	0.020665565440028	0.189353289001287	0.0206749591064643	0.0976862014309788	0.120974947537496	0.129033525677585	0.13	0.124632547248571	pc_exp2
1	1	0.13	0.0825537854704638	0.0835129039976493	0.0787663307994595	76.9211656692766	-1159.3523503499	40.9237091753245	0.327902672065312	42.1139475135134	1.54461670156089	0.13	0.0839501973979044	0.0854037405995947	0.0991833707868041	0.0771897853249261	as_exp2
2	2	0.108783764790858	0.13	0.0870990299224955	0.0815732996121363	107.155854096408	36.5754872254609	88.2442070629273	0.193003125669387	2.5786195259074	0.832216795401035	0.102709012050347	0.13	0.0903469657785486	0.106718733852473	0.0818856049484849	as_exp2
3	3	0.108962799842164	0.0862246859072252	0.13	0.0816820659025942	107.069315399019	56.5552347421565	90.3898329697171	0.163366356636216	1.87074228283818	0.72713286274663	0.102991145588752	0.0897973318783189	0.13	0.107092832972228	0.0823885124560308	as_exp2
4	5	0.109420640309112	0.0866525842976909	0.0876828828811329	0.0820273734816181	101.910748365285	90.9783323908365	101.219084374996	0.00155303365645895	0.371068693592804	0.0249312765282289	0.107684985503409	0.0877915505865263	0.0884841047527942	0.13	0.0820543396176725	as_exp2
5	6	0.107129232904636	0.0846041801308496	0.0855987636375165	0.0803931730147271	0	0	0	0	0	0	0.100765547501071	0.0877507492472531	0.0886546010787728	0.104487783465829	0.0805617449966859	as_exp2
6	4	0.103331933788764	0.0812192983227109	0.0821508502276039	0.13	74.6225622058383	93.0813940945633	74.6087347995309	1.06852336645285	0.44461484861395	1.06899073278604	0.103330568395894	0.0812161988543285	0.082153407341477	0.102292538332954	0.13	as_exp2
1	3	0.114310079237364	0.124008452251651	0.13	0.0969340130939013	0.141618094443659	0.816245839390818	0.141075257992685	0.067320547997116	0.0445181302179023	0.0673388958691592	0.114305216499624	0.124007495938485	0.13	0.114738406094267	0.0969356418961746	sz_exp2
2	1	0.13	0.123917732603225	0.184900450838427	0.0968275120980371	60.3700829557918	61.8602363059185	60.3711325043261	0.213045999248872	0.162678816014591	0.213010524508412	0.13	0.123922791533309	0.184864973255015	0.114617827460572	0.0968481594449512	sz_exp2
3	2	0.115351776971211	0.13	0.186723511746015	0.0993350368234552	59.4007810886786	59.4545099651833	59.4054963183403	0.00197632779917821	0.000160291773321386	0.00181695303661266	0.115343193139301	0.13	0.186713271907173	0.117893809157197	0.0994095048102719	sz_exp2
4	4	0.116399030468764	0.128164900364935	0.18849315068127	0.13	72.8072626540492	73.3691715116173	72.8065111710471	0.0345091590640264	0.0155166396782265	0.0345345591894977	0.116397949014138	0.12816732755347	0.18848079955655	0.121088661754238	0.13	sz_exp2
5	6	0.115411312294055	0.126212749529119	0.186844804282607	0.099498737876094	0	0	0	0	0	0	0.115417957502707	0.126212662305572	0.186819695237598	0.118077409962132	0.0995070699537222	sz_exp2
6	5	0.116526863814404	0.128421022101657	0.188710275478969	0.102098553825297	55.696215017404	55.490138921415	55.6948495079148	0.160459066123813	0.167424438168242	0.160505220344548	0.1165246983695	0.128423327416841	0.188695769920033	0.13	0.102104512786618	sz_exp2
1	2	0.0530389294164554	0.13	0.137032269609893	0.085830455022426	102.756563546134	98.9572328269902	96.3452724228297	0.0481579080002525	0.176575286307313	0.264859547967938	0.0539600474240972	0.13	0.129394904873319	0.0579768400935416	0.0836430093001461	fg_exp2
2	3	0.0534935591611196	0.090110337350011	0.13	0.0865073934735264	73.4361769814173	72.1959691406847	73.4362171796082	0.184287622149363	0.226206647166126	0.184286263450513	0.0534964307208201	0.0901031275228062	0.13	0.0564595027551872	0.0865067364993137	fg_exp2
3	1	0.13	0.0866691006859872	0.132940739987805	0.0842439537247105	103.712278551508	102.773566267817	92.7747898500935	0.675122221776432	0.706850696965162	1.04480933988423	0.13	0.0873610586814274	0.128368410010725	0.0559985528589568	0.0827882093611534	fg_exp2
4	6	0.0527275034564102	0.0883664966867214	0.135817398806147	0.0853637680206747	0	0	0	0	0	0	0.0535598198644121	0.0885518739410045	0.126776946063607	0.0576083611054896	0.0829535421540705	fg_exp2
5	4	0.0517809183776164	0.0862224447963095	0.132172223852072	0.13	89.9154641837488	72.6623374548503	66.7107783586589	0.471149374962858	1.05430505839963	1.2554677558509	0.0527124093478347	0.0854815036699769	0.121124610166524	0.0565000093728869	0.13	fg_exp2
6	5	0.0532656568893276	0.0895901356908852	0.137913451408004	0.0861666129121346	118.590552541215	105.220866925949	101.879833140841	0.216188159993125	0.668083533789108	0.781010475725742	0.0556233576589903	0.0903051946824703	0.127371182969531	0.13	0.083654755240448	fg_exp2
1	2	0.0542377785297822	0.13	0.0865246327812595	0.0794182178681512	76.6242654109149	86.3537641239362	76.4933876845543	1.15908552537871	0.830228468878589	1.1635091925297	0.0542249720447686	0.13	0.0864845310610389	0.0779097607297436	0.0793894743087288	cs_exp2
2	1	0.13	0.0731545743678464	0.0906714659426044	0.0835508579370517	103.106143928927	115.676541258626	54.0501041284276	0.720023376597091	0.295143946853276	2.37811752185399	0.13	0.0724989432111996	0.0880557553661598	0.0844477040797581	0.0838795151327461	cs_exp2
3	3	0.0555461992053064	0.0714723264312461	0.13	0.0813199322884177	86.5983888880411	73.0698315961545	33.5826409114595	0.439681096600642	0.896946333066409	2.2316133782091	0.0584322731100592	0.0693605881408531	0.13	0.0797776857545322	0.0794412954375849	cs_exp2
4	5	0.0580280981829287	0.074147115736048	0.092013584667548	0.0848925425238023	109.427668619154	112.471134533648	109.213824490094	0.108902656831049	0.00603350892115883	0.1161305883933	0.0582511404541345	0.0742798942830068	0.091994190671534	0.13	0.084864292883208	cs_exp2
5	6	0.0563983901905681	0.072400170909975	0.0896540247735328	0.0825330825290808	0	0	0	0	0	0	0.0576206705289242	0.0718380598762317	0.087753040656529	0.08161305322432	0.0821218349577551	cs_exp2
6	4	0.0568766015729521	0.0729149364508304	0.090358836020956	0.13	101.30937647009	106.499558093976	101.127775475738	0.269211881185024	0.0937837422976795	0.275349994794123	0.0568800501985685	0.0729154246067643	0.0904257040067395	0.0820806559471308	0.13	cs_exp2
1	2	0.106161754784903	0.13	0.119299075152921	0.107242950534155	86.8564206850594	87.395167091819	86.8550856615013	0.0182732910593362	6.36625108619503e-05	0.0183184148555998	0.106165078710524	0.13	0.119297929599806	0.115709057829857	0.107239276297631	py_exp2
2	1	0.13	0.110436185371153	0.118211083025785	0.106195247303577	84.0005752979532	86.5112267505603	84.0000681353942	0.0986236041875382	0.0137635850894172	0.0986407462820306	0.13	0.110438805088932	0.118215870847436	0.114698505009002	0.106204741298483	py_exp2
3	3	0.105751592867597	0.111012012242343	0.13	0.106774655496373	82.3342706454244	81.2145649349822	82.3335213215049	0.0143337577218901	0.052179810734835	0.0143590848703676	0.105753052745769	0.111014775493678	0.13	0.11525902917372	0.106778244903326	py_exp2
4	6	0.105811548336785	0.11108007837597	0.118886338555885	0.106842525307091	0	0	0	0	0	0	0.105812795791337	0.111081441756272	0.118886607148247	0.115324664585159	0.106844891138887	py_exp2
5	5	0.105215194228166	0.11041219837655	0.118188226040065	0.106177749240728	75.1142515067696	76.0233291270412	75.113427814809	0.0521823752523256	0.0214555516871477	0.0522102160405948	0.105211529421473	0.110410178677403	0.118186855649653	0.13	0.106179142939871	py_exp2
6	4	0.106668832393508	0.112036803178656	0.119883833264703	0.13	85.5978288300309	85.1754487617703	85.3656229231762	0.00953920827180904	0.0238156545790172	0.0173877679234977	0.106872718461736	0.112410455130943	0.119607688269962	0.115901461207923	0.13	py_exp2
1	1	0.13	0.11755840774767	0.180816048567036	0.115133571916425	63.1005818070837	62.9185088008314	63.1017489883031	0.0915238589671919	0.0976779265785193	0.0914844082419755	0.13	0.117562045753013	0.180796337722606	0.133260866153965	0.115139132129716	ch_exp2
2	2	0.13573932787519	0.13	0.182901949659241	0.1173795861307	83.4177902449865	83.6118291791922	83.4175089512898	0.00698016414148814	0.000421648165336237	0.00698967186843739	0.135735770983398	0.13	0.182889361351154	0.135567729211067	0.117384447753233	ch_exp2
3	3	0.134776189884815	0.118117854340099	0.13	0.115735154612263	10.6839738334198	10.6123456605658	10.683964173086	0.000510279921624544	0.00293131216408982	0.000510606440906108	0.1347728570717	0.118121966512289	0.13	0.133880323024893	0.115738655550658	ch_exp2
4	6	0.135331035587237	0.119002667229185	0.182256384717476	0.116679063037949	0	0	0	0	0	0	0.13532765143499	0.119002690526166	0.182239315350887	0.134851282053683	0.116685502794704	ch_exp2
5	4	0.136034566590383	0.120124792544408	0.183370318753574	0.13	87.9222059444657	88.415899232732	87.9214026203813	0.02794323870598	0.0112564055625777	0.0279703910600318	0.136035750358255	0.120135939618011	0.183369090691059	0.136087144317869	0.13	ch_exp2
6	5	0.135657522088232	0.119519511681832	0.182771559348014	0.117233723466345	69.7590062996212	69.9802718101297	69.7594017213447	0.0207425716291681	0.0132637973739778	0.0207292063749137	0.135653526881454	0.119521160503258	0.182764382747352	0.13	0.117230422286469	ch_exp2
1	2	0.0955968865780343	0.13	0.12627421264888	0.0953438138250653	75.7337234558907	70.7961490656376	72.3806763893538	0.0519971390656437	0.218887153456199	0.16533012991459	0.0958432813924071	0.13	0.122232218204997	0.106352013353333	0.0967389576405989	kh_exp2
2	1	0.13	0.115491282108576	0.126261827059917	0.0953345661127483	85.4024918974924	84.0669139418519	83.6231390520991	0.129199689303432	0.174342224204079	0.189341815477724	0.13	0.113850766488062	0.125305136875616	0.106597924725264	0.0963204974345048	kh_exp2
3	3	0.096881130952345	0.11706401466929	0.13	0.0967357284550289	73.8734779729151	73.9273070664556	73.8749656963083	0.0188291934241073	0.0170097700624372	0.0187789083734172	0.0968769319043662	0.117058393849312	0.13	0.107217789370635	0.096733630747889	kh_exp2
4	6	0.0961935548127721	0.11622926361643	0.12722941646683	0.0959898776405841	0	0	0	0	0	0	0.0969431782607492	0.113386406165853	0.124789738331042	0.107841252312356	0.0977538211007853	kh_exp2
5	4	0.0960967748357799	0.11611253829889	0.127075835693863	0.13	89.2926635039597	86.193921111618	86.740259903584	0.0714343353773147	0.176171828238465	0.157705577070015	0.0972300735751602	0.113842648161977	0.124997230118663	0.108171585969905	0.13	kh_exp2
6	5	0.0967865011497596	0.116949052477109	0.128181145312448	0.0966330657711252	91.0283292246447	90.1376920797934	89.9802850680974	0.00361732160457456	0.0337208571005498	0.0390412140958723	0.0978468026633363	0.114511911589922	0.126184711312876	0.13	0.0987218403578827	kh_exp2
1	1	0.13	0.116712941955665	0.149274576376916	0.0844625088625513	83.5168474087804	80.1048039437961	80.3275616230679	0.216580590138571	0.331907659255041	0.324378449695655	0.13	0.115110104071912	0.142531065203364	0.105707480296177	0.087158779169176	jk_exp2
2	3	0.0954893588681931	0.119478704852777	0.13	0.0864347941435176	52.0720394968858	54.2960675766036	54.7956986011899	0.205870737374508	0.130698588280045	0.113811059649029	0.0957212535295221	0.11722698760354	0.13	0.106710201153814	0.0874071872987688	jk_exp2
3	2	0.0937336581969051	0.13	0.149997057883451	0.0848221224405281	70.9920046137034	67.3942415396636	67.6887851081418	0.0378385140198592	0.159442905922405	0.149487333307838	0.0949921730295173	0.13	0.13920789722466	0.105444787817432	0.0877255679195467	jk_exp2
4	5	0.094896581091723	0.11871513467929	0.152162078906368	0.0858903277333385	86.2297422463852	84.4397719124887	84.7007864982021	0.019306446810731	0.0798074440964339	0.0709851510993205	0.0968439692986056	0.116770080260462	0.144036674500684	0.13	0.0891125290279416	jk_exp2
5	4	0.0935798650221153	0.11701972719995	0.149711157092379	0.13	82.857853416658	78.6035135308612	79.1128879397108	0.252163412598592	0.395960100738521	0.378743245719406	0.0961219226675621	0.115472499020205	0.14194420220038	0.106880364692471	0.13	jk_exp2
6	6	0.0942149298141791	0.117837554140103	0.150892377201029	0.0852643066659038	0	0	0	0	0	0	0.0956971323547435	0.115431508557448	0.142375350818795	0.106495627269859	0.0880431734413736	jk_exp2
1	2	0.0715342529453765	0.13	0.0930425485326755	0.0884157258586365	109.40683349893	-13687.6282243907	109.407680257418	0.164043568371321	466.503828525041	0.164014947934417	0.0715361507080007	0.13	0.0930442624564065	0.0784820150825806	0.0884159881328399	jj_exp2
2	1	0.13	0.0812737984380346	0.0884200316086877	0.0915298394398396	114.028164919005	-89389.0100331074	114.023113303854	0.0867674797682337	3025.28945857306	0.0869382243603619	0.13	0.081279992090624	0.0884323277428341	0.0792226674959102	0.091515258882655	jj_exp2
3	3	0.0712937040095464	0.0851428677441195	0.13	0.087160090485465	99.7665669158546	-15465.1746705015	99.7613617665769	0.607677647630509	526.702691472337	0.607853581676094	0.0712831002628603	0.0851421865270983	0.13	0.0781779325678194	0.0871634260687209	jj_exp2
4	5	0.0721438404981164	0.0811948659943297	0.0882869116041527	0.0916231559501054	109.928643373067	-11339.9211812251	109.92191777175	0.104437935301562	387.109362006719	0.104665260626081	0.0721404096993783	0.0812008259869949	0.0882985427218075	0.13	0.0916092666051594	jj_exp2
5	4	0.0724837528431135	0.0796804363620709	0.0857525474014133	0.13	94.437682311711	-52030.1359114023	94.3826162008431	0.611496268064596	1762.4220837356	0.613357502611934	0.0724701813511228	0.0796841585399866	0.0857652287218631	0.0796670073253526	0.13	jj_exp2
6	6	0.0719061629983854	0.082262746066046	0.0900906033287133	0.0903690269407403	0	0	0	0	0	0	0.0719073439672022	0.0822700426875692	0.0900981556761914	0.0789478479951354	0.0903629503793856	jj_exp2
1	3	0.102783583718179	0.0932903530769459	0.13	0.084214663807709	87.2859809746784	77.7986238539847	87.2852897959922	0.0334627418386522	0.354135412518101	0.0334861036782464	0.102779638693506	0.0932897020328484	0.13	0.103173074858749	0.0842144501122664	wl_exp2
2	2	0.102750256778519	0.13	0.110752429022598	0.0841474696544208	97.5672556282873	99.3384720708732	97.5653054501679	0.0864230645467716	0.0265559487873692	0.0864889805672075	0.102748580457463	0.13	0.1107499209028	0.103099627852244	0.0841475869715618	wl_exp2
3	1	0.13	0.091751040644734	0.108958450929039	0.0822214859391442	82.3597930223871	91.2152677575391	82.3454914422828	0.364727786711837	0.0654127406637016	0.365211180119364	0.13	0.091737318022092	0.108948475426949	0.100924894139495	0.0822131481223325	wl_exp2
4	5	0.103527207333382	0.0944470281920253	0.112208732799127	0.0857238600690483	97.8970825162746	90.3743309765879	97.8973349358929	0.00423811069664974	0.25850711273806	0.00422957891355218	0.103525312900539	0.0944468382781644	0.112208661730741	0.13	0.0857269645788591	wl_exp2
5	4	0.103825003378499	0.094909930505316	0.112767012782948	0.13	110.906486637294	-5566.98926015184	110.249921782186	0.000449951618696824	191.913326193091	0.0226418437213291	0.10008240187963	0.0963209491694437	0.111562312493668	0.108678008272392	0.13	wl_exp2
6	6	0.102949297473762	0.093543184028375	0.111125554511506	0.0845453453545244	0	0	0	0	0	0	0.102950499078176	0.0935450225033829	0.111122935187145	0.10355465060867	0.0845487155165679	wl_exp2
1	1	0.13	0.0978349316486991	0.125569508970571	0.0747386900728157	96.2047062421532	95.892868663737	96.2058066732875	0.0256111505484071	0.0361512606988733	0.0255739559760675	0.13	0.097841230629158	0.1255711551826	0.0807510226343305	0.0747440026370621	yw_exp2
2	2	0.093836584592405	0.13	0.125347463527418	0.0745555675992356	97.8913847741657	97.9598387179586	97.8905991520682	0.00792883961092235	0.0056150963107212	0.00795539363781797	0.0938428245441776	0.13	0.125345467219982	0.080492479325863	0.0745539308625446	yw_exp2
3	3	0.0936568568294599	0.097468858269903	0.13	0.0745020057765323	72.0043126868472	69.0316529946785	72.0033880812838	0.0183828212427656	0.118858718838069	0.0184140729108092	0.0936473087470104	0.097469843235803	0.13	0.08041979278303	0.0745020536113437	yw_exp2
4	6	0.0939402014379328	0.0975882670084789	0.125379627473024	0.0745808855400924	0	0	0	0	0	0	0.093941956775995	0.0975880285022853	0.125377395673639	0.0805291013514334	0.0745808665856227	yw_exp2
5	4	0.0937763410332944	0.0975194768261549	0.125324868217374	0.13	103.641881195508	104.139402666771	103.640669885068	0.0189358193348335	0.00211959360616123	0.018976761627708	0.0937787681665372	0.0975213406028458	0.125323867897644	0.0804705691272128	0.13	yw_exp2
6	5	0.0938843180044365	0.0975646352968733	0.125361659963516	0.0745656788035872	93.5716251335255	93.7015551506768	93.5710668399414	0.00881802083759913	0.00442638625788484	0.00883689116074176	0.0938862945525094	0.0975644587324714	0.125359274040955	0.13	0.0745656524215898	yw_exp2
1	1	0.13	0.0688424828399743	0.0686947107890471	0.0890024127686901	118.748611872943	68.1640275269083	118.744978082532	0.0968540389367542	1.80661298983273	0.0969768610526611	0.13	0.0688438629684057	0.0686964961652668	0.0681479730569396	0.0890189186505157	jm_exp2
2	2	0.0625808501499139	0.13	0.0698550291365366	0.0874813266740877	116.959980006648	117.64740353132	116.959064968219	0.0369465715273323	0.0137116563934225	0.0369774998262406	0.0625814222141393	0.13	0.0698551003674293	0.0687725517513655	0.0874824374131581	jm_exp2
3	3	0.0623738742936346	0.0697589283094387	0.13	0.0871802667442834	115.141052156891	-63.7618580950801	115.138596070156	0.0886289193591189	6.13554728587573	0.0887119350907341	0.0623731677466258	0.0697550627978082	0.13	0.0688989012455723	0.0871813294928149	jm_exp2
4	6	0.0629812179556786	0.0693158996497598	0.0694128444704673	0.0880639463290943	0	0	0	0	0	0	0.0629805312789726	0.0693158806569363	0.0694129291883504	0.0685349199646329	0.0880622849643605	jm_exp2
5	5	0.0626525208530882	0.0695537979611667	0.0697765983339983	0.0875858037148912	117.536412452933	-90265.1440276338	117.535794934256	0.0241215454098012	3054.95872042034	0.0241424175410755	0.0626527117193701	0.0695541890836187	0.069775733711416	0.13	0.0875860966332028	jm_exp2
6	4	0.0636652729337402	0.0688255851620183	0.0686681910271913	0.13	104.621649377927	-288.967423154114	104.616984497628	0.162511070488811	13.4658217220718	0.162668743442939	0.0636680859502396	0.0688163023674104	0.0686607687665209	0.0681290505413933	0.13	jm_exp2
1	2	0.24909688552038	0.13	0.277095171118739	0.190440559229344	-117.413485109178	-107.178605675035	-135.598674795481	1.08397915931173	0.738040234437678	1.69863857070877	0.239803540455333	0.13	0.26964491128909	0.213341182752409	0.197314869155142	po_exp2
2	3	0.250509451015339	0.258030425180456	0.13	0.191748502832786	-161.424969835169	-130.382611480995	-161.485907139949	2.00097534393491	0.951743631563813	2.00303502483647	0.250467254416837	0.258007218098988	0.13	0.208838109667985	0.191767458053927	po_exp2
3	1	0.13	0.252345632186344	0.272562157282593	0.187454894300592	-92.8588514215309	-93.9452421464331	-93.4829673220196	0.226730462621526	0.263450469123222	0.247825580058044	0.13	0.251746251022751	0.271868321538839	0.204416487532879	0.187927469363502	po_exp2
4	5	0.250352896758163	0.257837406169429	0.278872877946915	0.191607751318641	-26.6518019866972	-24.5833289423358	-42.6630537957456	0.614376122185391	0.544461733285974	1.15555643333123	0.244268921889434	0.25588630221822	0.274779301281074	0.13	0.200779897740126	po_exp2
5	4	0.249546704760602	0.256846121170087	0.277726437621078	0.13	-2.00208578315582	4.72241686368718	-15.2340020331759	0.312624284142501	0.0853360946792072	0.759863053393179	0.243415935090382	0.255294594344509	0.273754850262286	0.21667353016591	0.13	po_exp2
6	6	0.249080168631187	0.25627597455265	0.277074104651201	0.190425229801525	0	0	0	0	0	0	0.249043955697918	0.256263745322504	0.277062740824785	0.207344980224174	0.19044771582194	po_exp2
1	2	0.0920912952873824	0.13	0.199892484135168	0.0979037755517061	80.0166566544344	78.9813758357902	79.8237761699609	0.0388909613993916	0.0738834530695645	0.0454103217745973	0.094145776345528	0.13	0.188714621492264	0.111869104606953	0.0989532714782645	db_exp2
2	3	0.0934738828462219	0.112834100013416	0.13	0.0992024518641462	-14.5795298381632	-17.6769480124263	-14.5658944519186	0.760175791713742	0.864868526003834	0.759714915658673	0.0934729451583006	0.112828022782735	0.13	0.112765334861702	0.0991972338540392	db_exp2
3	1	0.13	0.111940647079321	0.201300664977793	0.0984612960845337	94.415383373244	93.2732758948843	94.2500428789218	0.0655630762229635	0.104166308991522	0.0711515849310516	0.13	0.113461525628151	0.187385443068379	0.113307537495449	0.10043797328756	db_exp2
4	4	0.09154259333769	0.110650268968205	0.198592524319606	0.13	90.5182928684406	89.3030423002431	90.4203337403579	0.155058054920278	0.196133524125352	0.158369073449473	0.0934386168009213	0.111423496379004	0.189244743964853	0.111326422488428	0.13	db_exp2
5	6	0.092369309237064	0.111583102424293	0.200554576156455	0.0981652771415807	0	0	0	0	0	0	0.0943224431696673	0.112169020018849	0.188946481986835	0.112045406657862	0.0991114575267006	db_exp2
6	5	0.0919831782309806	0.111145374706716	0.199636132850847	0.0978018061073313	85.4805896639146	84.296260877119	85.2701202615638	0.0484418257412732	0.0884721387349663	0.0555556915407317	0.0940270903703902	0.111866645825975	0.188563329736697	0.13	0.0988477916151228	db_exp2
1	2	0.116362958902419	0.13	0.175226540716684	0.144099241880942	77.9094424542776	76.9385038129732	76.7718483739729	0.0618914380293707	0.0947091641054574	0.100342117943669	0.119734826732546	0.13	0.172837008721127	0.153170653000191	0.143241994415478	mj_exp2
2	1	0.13	0.126685197864609	0.171553788798515	0.14161198574659	77.8972472259503	76.5183860165065	77.8989435002745	0.0410264326944565	0.0876319415736541	0.0409690986222982	0.13	0.126693927772858	0.171553688006784	0.152601719720258	0.141609874662303	mj_exp2
3	3	0.11569889775657	0.128642619625174	0.13	0.143333961569864	24.5853662545818	25.6750609302916	24.5863237336906	0.323105174147786	0.286273494108793	0.323072811353907	0.115696895073895	0.128648659961861	0.13	0.154508359162844	0.143324975454385	mj_exp2
4	5	0.113749426978089	0.126087801327436	0.170779823007707	0.141086716965934	42.6649891931217	42.6324633388967	42.6090758891473	0.000735641495576889	0.00183501536838207	0.00262551116991174	0.114996868088549	0.128497855674753	0.167751589476536	0.13	0.139145768718428	mj_exp2
5	4	0.113312293252104	0.125516234867559	0.170036876333738	0.13	55.7402256773273	55.793828429474	55.8273780875361	0.0153109597455297	0.0134991867229739	0.0123652082804747	0.113786917582154	0.126495304969223	0.169169149597961	0.150328604536607	0.13	mj_exp2
6	6	0.114687658217062	0.127315878246503	0.172372542632212	0.142167855578903	0	0	0	0	0	0	0.115428220919555	0.12873505226706	0.171503011938267	0.152028373861705	0.141440685537183	mj_exp2
1	2	0.105920388178025	0.13	0.179689373021967	0.135371633740105	32.9731852182576	32.9596487143469	32.9731791641013	2.09666759116239e-05	0.000478500508092762	2.11713063956071e-05	0.10593097547488	0.13	0.17966334841918	0.143737532015313	0.135365309842259	zb_exp2
2	1	0.13	0.137592170139585	0.181777015127271	0.136910938694613	48.165735973202	48.2059257747522	48.1677537620218	0.00591630797057804	0.00455789267817938	0.00584810670846956	0.13	0.1376001691174	0.181714045638519	0.145541150255837	0.13691684636198	zb_exp2
3	3	0.105969899131053	0.136063823220801	0.13	0.135419933568628	4.41962281023152	4.49889748331495	4.41913052352754	0.0965618147861425	0.0938823308359228	0.0965784540767369	0.105979266938398	0.136062931809108	0.13	0.143800852043493	0.135417991707722	zb_exp2
4	6	0.106347161704487	0.136501479811544	0.18034392940306	0.135854149626548	0	0	0	0	0	0	0.107140893736285	0.136688220358404	0.178963926297606	0.144418730518798	0.135994173187605	zb_exp2
5	5	0.107433868505141	0.137781036948621	0.18202899914451	0.137089473026835	52.0902975358248	52.4374270807708	52.0886168900806	0.0657464127394714	0.0540134341202961	0.0658032185656236	0.107442283561695	0.137781344102445	0.182012679350383	0.13	0.13709682874276	zb_exp2
6	4	0.105071907546537	0.134999900547661	0.178343836383482	0.13	54.2135829148832	54.111334909073	54.2142721508758	0.00557970020780095	0.00903568280418477	0.00555640403125117	0.105078223343646	0.135004089971786	0.178335937558492	0.142605954938202	0.13	zb_exp2
1	5	0.0745692625888408	0.145368780147253	0.171722326987069	0.0924678392727075	51.5287848875657	51.8954906088153	51.5322457744919	0.0138351159212946	0.00144046254306135	0.0137181379431891	0.0745740148616917	0.145361933418416	0.171712399966007	0.13	0.0924683328254858	ml_exp3
2	6	0.0746730242435613	0.144955181250531	0.171105512992071	0.0927473061937622	0	0	0	0	0	0	0.074679245710597	0.144953795612158	0.17110862863963	0.122538320849413	0.092742510177978	ml_exp3
3	4	0.0750303096494802	0.143604873938631	0.169088582360785	0.13	59.2034207699591	57.4824447953185	58.4238060127458	0.130590302960035	0.188759290902885	0.156941281753842	0.0744642590754962	0.142333164829314	0.169239376849722	0.122128636761453	0.13	ml_exp3
4	3	0.0744112823123943	0.145997518315548	0.13	0.092038134544337	17.5656877270963	21.495669749332	17.5712600846309	0.196475734261741	0.0636423419101758	0.196287388577073	0.0744117937562184	0.145995998270183	0.13	0.123108335626185	0.0920400971856123	ml_exp3
5	1	0.13	0.144032888984086	0.169729657423667	0.0933767885632721	75.3516740612172	74.5097892339366	74.778823747429	0.049332534694444	0.0777882418565253	0.0686948753004827	0.13	0.143294040891368	0.170353061768657	0.122147901705061	0.0922386498412621	ml_exp3
6	2	0.0744623130724682	0.13	0.172362092777379	0.092174998740658	39.0857985970319	41.2592706074521	39.0917347898151	0.0847974566457125	0.0113341026935099	0.0845968133296422	0.0744634608922007	0.13	0.172355111103733	0.122997383453222	0.0921765137294843	ml_exp3
1	3	0.0897487076432974	0.0788753677153514	0.13	0.124747056726938	60.2189009005198	47.3067370265941	59.1057188089219	0.00630726787483483	0.442738406813526	0.0439328225708457	0.0855622458065672	0.0806477925127251	0.13	0.129063105485304	0.11894976274588	yi_exp3
2	2	0.0891835647800473	0.13	0.10913989328012	0.123364030970357	69.2964812074991	35.7065051515905	65.2374372681479	0.172014917882468	1.30735610857218	0.30921060303254	0.0883036885436981	0.13	0.110604432483709	0.131587094350198	0.12235680888502	yi_exp3
3	1	0.13	0.076306547876304	0.106268680833702	0.119940771149627	55.3232522289248	43.3904466801219	44.6212508453817	0.434905889455932	0.838234717005468	0.796633536219688	0.13	0.0782298198084585	0.10472922479163	0.12513187793967	0.114945805260392	yi_exp3
4	6	0.0895622845228954	0.0786267150512727	0.109920431525017	0.124276461609686	0	0	0	0	0	0	0.0870508670078299	0.0810181248207811	0.108957040078018	0.130250788206757	0.120705756341755	yi_exp3
5	4	0.09000219636546	0.0792116928992878	0.110845379222125	0.13	54.8588121888004	39.9526929713979	54.531977753887	0.00852037180700353	0.512347201355209	0.0195673757070785	0.0880029732887848	0.08180729330406	0.10807465481931	0.129329797775916	0.13	yi_exp3
6	5	0.0909145506482637	0.0804311872181584	0.112772094990866	0.127663130126977	53.6391579475542	59.2558070751131	58.0708729310725	0.197578295489484	0.0077355549779923	0.0477863290465646	0.0884749800332363	0.0831181171131502	0.111279665011309	0.13	0.12329292259306	yi_exp3
1	4	0.0678542117677532	0.0840008400516602	0.127294877096145	0.13	59.1403500783753	45.591397241849	48.163156227248	0.243493802113521	0.70144840798811	0.614522954281625	0.0691011284716971	0.0860415600012385	0.120646051874442	0.0926924902434358	0.13	rd_exp3
2	6	0.0689958540544841	0.0859298704102436	0.130537562154209	0.0947307117393083	0	0	0	0	0	0	0.0692729754015307	0.0878628600150027	0.125500140163805	0.0957322182737688	0.0913298821115785	rd_exp3
3	5	0.069340343970802	0.0865197177130481	0.131536969604305	0.095131057271952	68.1318980660868	62.0827379065279	64.9177043422392	0.0133217229339691	0.217783336327062	0.12196147080002	0.0703744940028017	0.0887010083775014	0.127174058297003	0.13	0.0913167050129364	rd_exp3
4	3	0.0699287134213109	0.0875177604540005	0.13	0.0958127212597264	52.9438785748178	55.2565477054327	55.6744649245287	0.0954014857721569	0.0172332691573728	0.00310766715192764	0.0709637677579299	0.0891403100153875	0.13	0.0971239718410235	0.0922442561807582	rd_exp3
5	2	0.0694486335002936	0.13	0.131842453995452	0.0952561960349673	72.8043772033343	65.6227474912435	69.0201064069749	0.0234780774325132	0.266217161701183	0.151386430349462	0.0705493675825428	0.13	0.125310434906086	0.0966047622669749	0.0920732038365814	rd_exp3
6	1	0.13	0.0848080014068822	0.128654262235414	0.0939616469132382	68.5034840727832	42.0375803463012	59.3199044882777	0.242340964275028	1.13688851023012	0.552745954231316	0.13	0.0888430921829085	0.123045619806356	0.0958344396894142	0.0902927001742603	rd_exp3
1	1	0.13	0.0800483059505591	0.0911209280072068	0.107795868872119	79.5602701033473	13.9425824865993	79.56020058361	0.000161100456858563	2.21803894190294	0.000163450223981396	0.13	0.0800541893893712	0.0911304897317937	0.0839896975159403	0.107784377532755	sa_exp3
2	3	0.0668104302713574	0.0810913570985418	0.13	0.107039016573524	70.3847979660318	36.3213226109122	70.3846681272899	0.109817945903509	1.26116341290655	0.109822334452983	0.0668182747988664	0.0810949163307663	0.13	0.0835432623716734	0.107031769802497	sa_exp3
3	2	0.0665892501351093	0.13	0.0919962842846695	0.107353977771924	74.2539999765795	6.5248361226057	74.2548329446568	0.0295537517160943	2.31879948998041	0.0295255973950837	0.0665965575533936	0.13	0.0919976371568449	0.0837267661031937	0.107350658270645	sa_exp3
4	5	0.0654890734660921	0.0784729571451182	0.0888632207086321	0.108977117905122	68.3502083028215	56.2899650746973	68.350172010532	0.151751199987519	0.559387421098114	0.151752426666903	0.0654894740068116	0.0784731474308018	0.0888657192885521	0.13	0.10896720868564	sa_exp3
5	4	0.0653800492205641	0.0782616662591275	0.0885570827774743	0.13	57.0364473198194	-11555.1375427836	57.0093898220602	0.23915217063956	392.730633036136	0.240066714063821	0.0653822327035731	0.0782686264139923	0.0885713453674955	0.0847672225917895	0.13	sa_exp3
6	6	0.0661157271434975	0.0797091264282822	0.0906338127788017	0.108049283646095	0	0	0	0	0	0	0.066120377873764	0.0797155464713052	0.090642840627517	0.0841373471640942	0.108033079265167	sa_exp3
1	5	0.178638875471874	0.141162219763337	0.200031267074965	0.176627431912923	31.8315799038736	22.6192968918178	31.8384440787238	0.100979130280799	0.412354296088285	0.100747121170863	0.178652028366943	0.141168564788134	0.200013137606039	0.13	0.176618747455477	is_exp3
2	6	0.179897805218757	0.141959340954888	0.199679888092031	0.176766673295345	0	0	0	0	0	0	0.17986066915914	0.141913102337344	0.199660698674056	0.160565891999393	0.176814153022946	is_exp3
3	4	0.179684584537304	0.141824495063896	0.199738955208614	0.13	17.4091662724696	11.3498956185544	17.4096481772408	0.00130020685819453	0.206103554960529	0.00128391847692892	0.179693110362082	0.141825372888917	0.199723778791627	0.160543281443452	0.13	is_exp3
4	1	0.13	0.142692527603116	0.199350676122289	0.176889152655987	11.7488781463746	16.0196162593457	11.7457899866893	0.163918421380079	0.0195674731616562	0.164022801177442	0.13	0.142698992233321	0.199355194641026	0.16002351375334	0.17689445979575	is_exp3
5	3	0.179309607914193	0.141588861666004	0.13	0.176702207154272	-4.28185345409096	-17413.3909691895	-4.28014554755475	0.0380947581501169	588.465982870007	0.0380370309091928	0.179319764063328	0.141592918637316	0.13	0.160688730306702	0.17669376695492	is_exp3
6	2	0.180735244529576	0.13	0.199446452579622	0.176859345258077	39.2202764350152	40.7573281879471	39.2197023161684	0.0539968850122411	0.00204453576314342	0.0540162902292618	0.180740211721702	0.13	0.199444041292464	0.160147771923862	0.176858764330317	is_exp3
1	3	0.106800684775211	0.107589124515269	0.13	0.116622125219706	43.0353420461692	-8685.80711798098	43.0366872403061	0.0437412921144829	295.078616441032	0.0436958245526555	0.10679790899159	0.107589341317648	0.13	0.108887526686889	0.11661392123771	ro_exp3
2	2	0.106687891441558	0.13	0.138383580728151	0.116764855526769	61.373343597775	52.1623206879187	61.3724656788591	0.00542998517731052	0.316762559530451	0.00545965883666603	0.10667779267466	0.13	0.138396038275637	0.107995932383887	0.116745865076033	ro_exp3
3	1	0.13	0.107122875628315	0.137926893809794	0.116842939121932	60.8226199827004	46.0788004963742	60.8203443267555	0.0332893640269442	0.531630462664769	0.033366281197882	0.13	0.107117528754432	0.137937322356592	0.107507820565362	0.116816741777867	ro_exp3
4	4	0.106547322759776	0.106916314941317	0.137360579083153	0.13	53.3412506641274	48.4963743161586	53.3331194485924	0.104866313086486	0.268623133647831	0.105141148171568	0.106530385868918	0.106908230406791	0.137365247534027	0.106900211319148	0.13	ro_exp3
5	5	0.10688579282721	0.107816256697407	0.13984794270876	0.116514081215297	61.7757914475875	63.8702145801754	61.7782218802183	0.077715837319832	0.00692433543835917	0.0776336886969092	0.106883866738393	0.107814607660274	0.139850335551693	0.13	0.116508956418304	ro_exp3
6	6	0.106710103920201	0.107348448629529	0.138553102339675	0.116736074476752	0	0	0	0	0	0	0.106700703899925	0.107342511507928	0.138554940870541	0.108163231182904	0.116720284158867	ro_exp3
1	5	0.157503075200022	0.133892685659465	0.168596405062357	0.128259878033012	70.9602272906699	70.9300336943796	70.8455738043341	0.0117082271488151	0.0127287707034286	0.0155835149869655	0.156517651537081	0.134153712735245	0.167961233798766	0.13	0.129208626499141	tm_exp3
2	6	0.152473840126594	0.129568939095993	0.162711544233999	0.123809807879282	0	0	0	0	0	0	0.152461620015733	0.129572484814842	0.162705722175286	0.104706473421478	0.123813188302691	tm_exp3
3	4	0.152417230304001	0.129521100862025	0.162645572635898	0.13	51.1824143565912	51.0321080144116	51.1827242607761	0.00429480504617673	0.0093751594118469	0.00428433028472681	0.152403229064415	0.129521971741637	0.162635396873471	0.10465669262186	0.13	tm_exp3
4	3	0.152604553633202	0.129679087371432	0.13	0.123918097179663	22.2980024224094	21.2812342189128	22.2970587123254	0.107936975623015	0.142303740901201	0.107968873023854	0.152578319991664	0.129678213644448	0.13	0.104811775045684	0.123924101573665	tm_exp3
5	2	0.149814687799843	0.13	0.15961538141344	0.121464722686215	43.0258289216687	43.0727673753237	43.0266545992007	0.046211073873502	0.0446245541399613	0.04618316597292	0.149801958100878	0.13	0.159605368455684	0.102465887272779	0.12146852672095	tm_exp3
6	1	0.13	0.127186369360733	0.159471511883063	0.121356311104311	25.3190882065997	25.3518768253849	25.3188276401164	0.0012094355803138	0.000101180265375739	0.00121824272745038	0.13	0.127174165540131	0.159430035754989	0.102350122945834	0.121350494950996	tm_exp3
1	3	0.0849762919098417	0.0821612444743684	0.13	0.144452794615862	72.7985411023198	67.4212527442098	70.7415543311771	0.0189309903498816	0.200683336853999	0.0884571432145032	0.0830315175918232	0.082661576997311	0.13	0.137755140028878	0.136999043599469	gm_exp3
2	2	0.083921951922731	0.13	0.0833295300061534	0.141287570926774	66.2873921900182	57.4507844990471	61.913691499987	0.190218519642776	0.488895859597601	0.338049602965833	0.0823363482277209	0.13	0.0883436787368598	0.134774608558153	0.132357489373976	gm_exp3
3	1	0.13	0.0798108688603207	0.081975315920357	0.139194841967852	60.0617097962137	53.1746868731326	52.9693916469001	0.37034248230136	0.603123857101501	0.610062835748161	0.13	0.0809783260165956	0.0868100245291061	0.131095630760971	0.129054448093087	gm_exp3
4	4	0.0846275726928264	0.0816961340774562	0.0847083162297709	0.13	40.7090831608562	19.9886940569425	41.1232032233883	0.0146157473458868	0.714964899058168	0.000618489232302021	0.0843807551483886	0.0811452410428474	0.0887342957820412	0.144619696684108	0.13	gm_exp3
5	5	0.0857145628454715	0.0831573687132717	0.0868524873938802	0.146687650434096	48.288022057558	52.8553153678721	51.8027597757321	0.286248847905215	0.131874334016596	0.167450713030928	0.0849254024072275	0.0842560592148758	0.0904485928242184	0.13	0.139754763296738	gm_exp3
6	6	0.0845203803667445	0.0815426445148991	0.0844865615875314	0.143067129729057	0	0	0	0	0	0	0.0823337116763918	0.0824223931729345	0.0884063985632898	0.134306467330291	0.132168332466612	gm_exp3
1	6	0.108974368281765	0.0961921430167829	0.134327015244754	0.150671474029918	0	0	0	0	0	0	0.108985950449911	0.0961980535664072	0.134287389099726	0.146317757209036	0.150692551516204	pc_exp3
2	5	0.109417791678736	0.0964209096239374	0.133804716018767	0.151337480330095	39.4319069741441	-1751.47552419845	39.431342478933	0.0208371597660597	60.5535083333998	0.0208562397041942	0.109426705565914	0.0964244066568122	0.133771661109262	0.13	0.151354007394851	pc_exp3
3	4	0.110687776693094	0.0970733185887415	0.132315360059905	0.13	36.0295618302537	-1113.04371085598	36.028574665041	0.239702894777887	39.0783795115727	0.239736260962078	0.110698357935711	0.0970751600905579	0.132294806974233	0.147829117638285	0.13	pc_exp3
4	1	0.13	0.0969430582832776	0.132609170066139	0.152867006140068	62.6044875506352	64.3950447464938	62.6039528638876	0.064525104301497	0.00400427108147742	0.0645431767135666	0.13	0.096947945496175	0.132580786082175	0.147609022055295	0.15288461720769	pc_exp3
5	2	0.109201641281876	0.13	0.134055084473169	0.151016435931773	67.9881696864382	58.8268154125472	67.9883306926802	0.000629598272380522	0.310283372729897	0.000624156261400888	0.109216979993875	0.13	0.134015174982576	0.146526648230956	0.151040507464369	pc_exp3
6	3	0.105228803389476	0.0942518639117549	0.13	0.145061166662266	31.3838705776943	29.893991293207	31.3802795429266	0.834843725181563	0.885201644997236	0.834965102156712	0.105234887123087	0.0942507712665285	0.13	0.142988899503579	0.145065924779091	pc_exp3
1	1	0.13	0.0859981067529512	0.100717480626385	0.101298821838271	64.2840875488329	66.8479724518972	62.8315048516691	0.119268814881917	0.0326095051583434	0.168366110046053	0.13	0.0863187257083048	0.100348113723741	0.1041243589975	0.0999226491569118	xc_exp3
2	2	0.0930150897007622	0.13	0.102185299463572	0.102721833816373	71.9698675953904	53.2881534202471	67.2919654860352	0.0469836079124207	0.678425547032264	0.205096699208627	0.0944160796986837	0.13	0.101764406108236	0.106777722748079	0.101560805616537	xc_exp3
3	3	0.0919489915198822	0.0862517108783396	0.13	0.101558600790079	61.3301445616339	62.4664860214157	61.3267693409229	0.0620225621647022	0.0236142208240757	0.0621366446247327	0.0919500413910683	0.086246018950231	0.13	0.10516337214386	0.101550264585818	xc_exp3
4	6	0.0922449493655813	0.0865588866216949	0.10131118061519	0.101874691181607	0	0	0	0	0	0	0.0922351289604975	0.0865595651238722	0.101304493270941	0.105536742056854	0.101867142168939	xc_exp3
5	5	0.0928827262127019	0.0872577219446054	0.102041560812286	0.10258313262405	64.0597621259539	63.4014882445923	64.059105291225	0.00651701917243895	0.0287666763624611	0.00653922018627688	0.0928874071256764	0.0872574347305048	0.10204055435047	0.13	0.102581164757257	xc_exp3
6	4	0.0916191255106154	0.0858955503060733	0.100600134417611	0.13	60.5033204915222	61.9730829294106	60.5012807893581	0.086668536864226	0.0369905664635983	0.0867374787973733	0.0916131004140475	0.0858885896985431	0.100610490623712	0.104740855915411	0.13	xc_exp3
1	4	0.0639819424858408	0.0700430086505839	0.0939744985234717	0.13	20.2989680616414	36.9150695879203	-5.54845744703126	1.48645914820683	0.92483491661861	2.36010213039997	0.0646331164572247	0.0705949979079886	0.0917343407153215	0.076509718162176	0.13	dm_exp3
2	5	0.0696196241182802	0.0763883361249087	0.102234599681201	0.0844300380215585	60.3098489861666	73.5720693658254	49.3406488611434	0.453750952815015	0.00548790398254502	0.824509917040799	0.0709308628977281	0.0779113546742527	0.100496081970601	0.13	0.0829630479196489	dm_exp3
3	6	0.0693602983692072	0.0760955040660225	0.101900979180386	0.0841345125671151	0	0	0	0	0	0	0.0693728692575347	0.0761308736266831	0.101852808218279	0.0834229133252479	0.0841430744446774	dm_exp3
4	1	0.13	0.0772590192212064	0.103344062414926	0.0852184432359315	59.2015045946415	77.7142151308544	48.9100139827428	0.660577322984439	0.0348477068604413	1.00842970566661	0.13	0.0787148001470358	0.102087268464415	0.0850640050488137	0.0841270077716955	dm_exp3
5	2	0.0723348958371124	0.13	0.106209339204781	0.0873130619991486	73.136027665692	79.3278855428777	66.4165003839571	0.280171120553314	0.0708863243044392	0.507291142675956	0.0736883874581924	0.13	0.104828763229171	0.0873651110698158	0.0861715168513345	dm_exp3
6	3	0.0702123864054596	0.0770749287105807	0.13	0.0850440837741327	64.4620168840684	53.1337313447361	42.9223207190131	0.108057356656213	0.490953407885643	0.836099087035081	0.0712821467634684	0.0782378196674101	0.13	0.0829786360401074	0.0808059842123439	dm_exp3
1	1	0.13	0.0885915289149739	0.112995012876947	0.103223433390542	76.4740623552733	71.1569435339744	76.4734588934549	0.00187848657036392	0.181597102730265	0.00189888357982533	0.13	0.0885990332522604	0.112982412983035	0.0929211214208213	0.103225564661604	cm_exp3
2	2	0.0846175629025347	0.13	0.112950692795976	0.103136796083144	75.0625849541604	70.3060813321651	75.062124912553	0.000639948011501447	0.161409770434942	0.00065549741783335	0.0846209384250212	0.13	0.112939511206189	0.0928411901986992	0.103140574808907	cm_exp3
3	3	0.0795206086958702	0.0832152771004814	0.13	0.0981481443402001	45.3798452645172	56.4006784615814	45.3674217054836	0.386324991440588	0.0138208293798172	0.386744907735923	0.0795248833374578	0.0832198916497059	0.13	0.0886091507474589	0.098138277895409	cm_exp3
4	5	0.0824454411485573	0.0862485100727383	0.111823069634671	0.101021307679787	66.9676277786842	67.9465678120239	66.9618925295226	0.0807913776339262	0.0477032045070434	0.0809852290555872	0.0824453067190498	0.0862540456590484	0.111795180933344	0.13	0.101010516155735	cm_exp3
5	4	0.08286140282435	0.0866793422803642	0.112039671916483	0.13	64.5053287132507	60.0313510793	64.5031532587069	0.0286145884864528	0.179835032513986	0.028688118850033	0.0828630697083514	0.0866821802767538	0.112020582777123	0.0913991534941786	0.13	cm_exp3
6	6	0.0828637468076144	0.0866813958597771	0.11204552320851	0.101427345485508	0	0	0	0	0	0	0.0828695300345785	0.0866879568193243	0.112023467332908	0.0914009904164019	0.101430300019887	cm_exp3
1	5	0.0866243496229769	0.0764116478973949	0.0891731332418455	0.112709810933382	49.7767635793323	24.8564891594089	45.4718208770229	0.237687571160914	1.07999284655432	0.383194634498972	0.0869738286022127	0.0768040137692446	0.0891811134556115	0.13	0.110734628418511	ad_exp3
2	6	0.0882179677971236	0.0778577109612031	0.090841950529539	0.115017938608402	0	0	0	0	0	0	0.0892065557866826	0.0787431185710068	0.0913545749589598	0.108115376784774	0.113056552680002	ad_exp3
3	4	0.0890883798124208	0.0786270192217677	0.0918277024661852	0.13	58.9011852241027	58.8795564502224	56.8509867567681	0.0305427662586459	0.0312738188158015	0.099839474454557	0.0897798916279979	0.0792175588742147	0.0919368556540999	0.108786604041496	0.13	ad_exp3
4	2	0.0861373168694907	0.13	0.0886534007715699	0.112003733191836	40.2817410738227	55.3467966728179	31.7254876231337	1.09339301248116	0.584194133235119	1.38259437911444	0.086927267020019	0.13	0.0891115626879113	0.105728830794017	0.110426800640787	ad_exp3
5	3	0.0888830445485467	0.0783628855177905	0.13	0.11557310501497	58.5353118443018	54.1276604690968	53.348816316011	0.372384302533373	0.521362919015304	0.547687851389602	0.0899793233440826	0.0793232768817652	0.13	0.108871944912792	0.1136729913658	ad_exp3
6	1	0.13	0.0801248058761525	0.0935610048870787	0.118224546177977	68.5826799474266	61.8167837819882	64.6383521007911	0.257814972378416	0.486502262770233	0.391133253594697	0.13	0.0812728838540008	0.0943744276508433	0.111476152597149	0.116569986308116	ad_exp3
1	2	0.103034368648071	0.13	0.105464139797606	0.12982353075247	70.7797730423054	71.0824461187145	70.7799990227046	0.0412263118405169	0.03099596185789	0.0412186737030268	0.103039711151527	0.13	0.105469957566958	0.17201116455928	0.129822944432236	kl_exp3
2	1	0.13	0.0893970695262339	0.10411910404498	0.128331629127734	64.0027287148882	64.6863909817484	64.0029585896676	0.0464385460536743	0.0233307614338019	0.0464307762861311	0.13	0.0894052067978623	0.104121962849806	0.170004506336098	0.128328760161431	kl_exp3
3	3	0.101815870247688	0.0894797991248778	0.13	0.128433467065391	63.4524997224997	64.0346892622092	63.4524618793041	0.0339398633213466	0.0142618568791653	0.0339411424213578	0.10182053557406	0.089486905009459	0.13	0.170141266103746	0.128429880204111	kl_exp3
4	5	0.100075104020874	0.0878594822511067	0.102427257530559	0.126461126822512	14.2507450468469	11.3792459583432	14.2512408254575	0.0270728819601683	0.124129551151591	0.0270561246431292	0.100091213323847	0.0878728065187869	0.102438954316204	0.13	0.126449956596231	kl_exp3
5	6	0.101315271310706	0.0890099316590942	0.103699379610614	0.127856942084362	0	0	0	0	0	0	0.101317119769339	0.0890783917615604	0.103701154752773	0.169454181447928	0.127875004089988	kl_exp3
6	4	0.0998354461825089	0.0876325337171038	0.102178289648756	0.13	45.4850675209923	46.3306875050022	45.4845634136613	0.0376470531266568	0.00906509766712057	0.0376640919544437	0.0998412891007209	0.0876388272114616	0.102180277729375	0.167106422407566	0.13	kl_exp3
1	4	0.0837983259703632	0.083150549352039	0.101355710456091	0.13	44.3043675219214	50.6755749441936	44.2979243432584	0.238271963070054	0.0229251521972553	0.238489742508862	0.0837987323543008	0.0831549202668732	0.101360023211886	0.112237078670411	0.13	bs_exp3
2	5	0.0853937655616011	0.0849901639670976	0.10363336767952	0.11402519802106	52.1538293944667	50.2447452886016	52.150182860104	0.0854917038574109	0.150018746635651	0.0856149567188691	0.085393998989054	0.0849939130090513	0.103635812689313	0.13	0.114017106542629	bs_exp3
3	6	0.0864980201135412	0.0862689988336938	0.105216846078901	0.115472780964165	0	0	0	0	0	0	0.0864942765900926	0.0862708026592416	0.105218461403467	0.115973229553363	0.11544586161769	bs_exp3
4	1	0.13	0.0839719621743732	0.102374545651132	0.112879290018403	54.879883419196	65.6940465777044	54.8719205388507	0.478130206866832	0.112611492109246	0.478399352222502	0.13	0.0839778952767081	0.102377314137323	0.113225704894182	0.112872740273327	bs_exp3
5	2	0.0889182693204285	0.13	0.108716195225059	0.118598917364419	74.5359006058883	72.8271491495179	74.5339148005909	0.0581573809740117	0.115913180199331	0.058224501193063	0.0889214363248302	0.13	0.10872207859746	0.119342482224516	0.118589175120038	bs_exp3
6	3	0.0894734504753242	0.0897470726787865	0.13	0.119319585596353	72.9838779447523	69.781497142337	72.9834129475135	0.00476022400979405	0.113000695131429	0.00477594091646276	0.0894844122255269	0.0897569506559932	0.13	0.120123104143682	0.119321864315291	bs_exp3
1	2	0.0685143548589196	0.13	0.104297172162697	0.0948105972199938	73.8120963327305	74.653672460749	71.0074666022226	0.169619885537041	0.141174612410016	0.264416370428208	0.0696303804766513	0.13	0.103685540502144	0.105189010851524	0.0939936065755096	pl_exp3
2	3	0.0659806545902135	0.0816874652383751	0.13	0.091609863039495	58.6755769820378	61.9322634410706	58.6641252704442	0.182836740279224	0.0727607379639153	0.183223808131088	0.0659763845632154	0.0816878299577022	0.13	0.101439638807503	0.0916008296414853	pl_exp3
3	1	0.13	0.0821770795630578	0.101043949200953	0.0921105522924432	56.8222608538139	74.543796446438	50.8657443782357	0.732640963819187	0.133653060788489	0.933971220693729	0.13	0.0834264601545356	0.100509583746752	0.101895792502934	0.0913221816474334	pl_exp3
4	4	0.0628179724930486	0.0775924350407107	0.09570026807978	0.13	38.6855693875678	38.176218634507	29.6597140702151	0.82722891343851	0.844444968891964	1.13230282316503	0.0635493187118188	0.0781698041485618	0.0945135808187308	0.0956347609093885	0.13	pl_exp3
5	6	0.0662389277655627	0.08201864760026	0.100854023994248	0.091935724590998	0	0	0	0	0	0	0.0662396722925056	0.0820184892515085	0.100860327224658	0.101855208803766	0.0919303691858894	pl_exp3
6	5	0.0672894395071112	0.0833978200010902	0.102454199079542	0.0932553133077114	66.5545102424838	68.5069039031069	66.5388841651626	0.0660217354435085	3.08297144462136e-05	0.0665498968569643	0.0672612515481981	0.0833761171994586	0.102409787388763	0.13	0.0932437664855472	pl_exp3
1	4	0.0707993887983376	0.0801896453221061	0.130410150417991	0.13	51.9416021601667	28.3311716306451	30.741281999471	0.416170734121811	1.21420328601964	1.13274155555333	0.0724886102674499	0.0850732134162286	0.118526532335336	0.093969101647233	0.13	dk_exp3
2	5	0.0727642160110407	0.0830451784873627	0.134873432021694	0.0906016795827647	59.9851122229404	38.2496680248055	47.3930515829103	0.0856429744933139	0.820300988390273	0.51125462412633	0.0744398824998924	0.0879345597308377	0.121891598671599	0.13	0.0880025507495775	dk_exp3
3	6	0.0727255544538167	0.0829964964239555	0.134780576582058	0.0905517672665097	0	0	0	0	0	0	0.0729204339448518	0.083889709478981	0.130581709112915	0.0976035937486745	0.0895387218245162	dk_exp3
4	2	0.0749287251936422	0.13	0.139872934347001	0.0933021135916196	76.1104935462511	62.5962019056334	69.5512343739719	0.0270185174595432	0.483801574912421	0.248721477482581	0.0782797447483651	0.13	0.128472125432056	0.101381468585794	0.0924856286887084	dk_exp3
5	1	0.13	0.0802159300805525	0.130437720216176	0.088173480624642	53.0143726939091	32.9704931667971	40.6824424209259	0.61265140737632	1.2901345353927	1.02947065060315	0.13	0.0845218919058053	0.123705703117995	0.0957654319871284	0.0872393494505414	dk_exp3
6	3	0.0740126436685014	0.0849009952230162	0.13	0.0921605291368031	46.1375517479498	-4749.30082921757	48.1644410634899	0.0847211570870442	162.170538433722	0.0162122982217874	0.0754193656909551	0.0891369487908842	0.13	0.0977145770409714	0.0891295708032022	dk_exp3
1	1	0.13	0.0675158534746159	0.0792089959728872	0.075993046483022	50.9514211777145	69.1849408829935	50.8079100190302	0.927624458760382	0.311331492721952	0.932475135923913	0.13	0.0675104126217368	0.0792030825251352	0.0851719866856941	0.0759870917323203	ac_exp3
2	2	0.065147217582537	0.13	0.0796309746768619	0.0763816555415981	54.7531286399834	63.8400852606907	41.943695075682	0.789731179176481	0.482592045396576	1.22269003364987	0.0654980397959579	0.13	0.0795118627456124	0.0847400847123011	0.0762289945673506	ac_exp3
3	3	0.0657524928759387	0.0684994550057944	0.13	0.0771057033392478	65.4180038522282	76.5797025021238	56.0573868716917	0.420276777366763	0.0430113630002909	0.736665631308896	0.066341965383378	0.0690276707865822	0.13	0.0856760155910429	0.0767488073939584	ac_exp3
4	4	0.0624587553638788	0.0649672945182256	0.0762160696208758	0.13	40.8487012551674	50.3577937663935	24.4567931482711	1.09258444724048	0.771177120361034	1.64663094125357	0.06280843348926	0.0653234239523066	0.0759891720854545	0.0810741970995144	0.13	ac_exp3
5	6	0.0644346771104485	0.0671160988953456	0.0787346897203199	0.0755637286100264	0	0	0	0	0	0	0.0644393976312293	0.0671357338211346	0.0787531260669544	0.0847046125430825	0.0755769058557583	ac_exp3
6	5	0.0637594046784275	0.0664835316798494	0.0779741218043149	0.0749696859546047	53.7013837490513	65.6968219500498	-22.3736858809704	0.574518437720643	0.169072626526894	3.14585579121537	0.0655576315588433	0.0678097012790208	0.0767040480754487	0.13	0.0726348605112228	ac_exp3
1	4	0.157284727299078	0.15725737308133	0.139657271246348	0.13	24.3237869684081	-7254.3777978047	24.3109838479642	0.476769915183608	246.496883480514	0.477202660654612	0.157299305373327	0.157253105702649	0.139624604472854	0.171009136315237	0.13	wf_exp3
2	5	0.156085262419199	0.156428684849767	0.139586553192961	0.169007978439355	24.1054589081928	-1936.16755651813	24.0957654831795	0.220399674008795	66.4776275954186	0.220727311774246	0.156095908681051	0.156423709994119	0.139550765633952	0.13	0.169055165468024	wf_exp3
3	6	0.154311016596135	0.155197277142067	0.13947522679661	0.166231489094256	0	0	0	0	0	0	0.154319544637953	0.155184582158293	0.139432722633556	0.167022037066481	0.166279361506759	wf_exp3
4	2	0.15314415376223	0.13	0.139414085070198	0.164415219443903	27.7835224292751	-3480.19098322929	28.0481115175928	0.0106648805417875	118.580203171801	0.00172176935664978	0.15243278212261	0.13	0.129797649819767	0.166132669624065	0.168333759816712	wf_exp3
5	1	0.13	0.155494362562209	0.13950777039478	0.166890219806809	31.9916930720427	-8480.07768402738	31.1889706893846	0.028232721774174	287.736177667735	0.0553647383080198	0.13	0.152044790754793	0.131003299767911	0.169991437096653	0.172396083220047	wf_exp3
6	3	0.150172251183283	0.152315347737337	0.13	0.159823061822479	29.2709483781479	-134.53656719131	29.2850812855871	0.375908289593169	5.91260231584086	0.375430597321726	0.150166174457433	0.152282580159884	0.13	0.161500050860161	0.159850390482968	wf_exp3
1	3	0.101501342976491	0.157142342440608	0.13	0.124417899146441	13.6326730840257	15.6981526414681	14.6537919533368	0.729517799482419	0.659704590440866	0.695003981699705	0.106244049869002	0.15046884981301	0.13	0.128366937866852	0.120712793364259	gh_exp3
2	2	0.0993756937138686	0.13	0.176915476916229	0.122263231479312	32.6040675870645	34.568256380136	33.3150290206957	0.0844342838730201	0.0180447026672044	0.0604037874162867	0.106701507166745	0.13	0.160977304013441	0.125909126778801	0.117287582884315	gh_exp3
3	1	0.13	0.152065091601313	0.174871716064047	0.12122960315877	61.1705867373067	64.7114199270299	61.9290021825406	0.124830732464411	0.00515057065176854	0.0991962904155071	0.13	0.147987589627578	0.167432984784958	0.127428572776461	0.117695920965624	gh_exp3
4	4	0.0945232230999565	0.145892240903366	0.167199379209256	0.13	36.768699707821	35.1111601674654	36.137562301691	0.319349960466058	0.375374796930077	0.340682404793253	0.0999980391096423	0.13953217224467	0.156653426730825	0.119839144956565	0.13	gh_exp3
5	6	0.0988564321678446	0.152867770359329	0.175867467719527	0.121734150940758	0	0	0	0	0	0	0.103476383502523	0.146649004720516	0.165895104813204	0.124772533499243	0.117553446563996	gh_exp3
6	5	0.10017810894858	0.155001173562097	0.178539432524287	0.123078621559673	57.5850329443497	57.4880451540542	57.482340340023	0.00621510901089685	0.00949329632288408	0.00968611903713712	0.106896154013785	0.149069524843513	0.168254913630179	0.13	0.120316758353729	gh_exp3
1	4	0.048069375965428	0.0626737038133457	0.072513509012446	0.13	72.7416713780529	61.7056109867466	44.2439697038977	0.238206883300847	0.611225724527001	1.20142919988729	0.0492610330995761	0.0627580290890383	0.0707172633471223	0.0782743321722428	0.13	eb_exp3
2	6	0.0472401956735496	0.0615716595905385	0.07126150160383	0.0674198804310579	0	0	0	0	0	0	0.0484860635426098	0.0614209163834033	0.0690676790251871	0.0763406971987647	0.0678043006182284	eb_exp3
3	5	0.0479793634781009	0.062551416285007	0.0723640094850572	0.0686056095479566	72.8821091291742	66.6656572064075	47.2481054097277	0.14943085149535	0.359546926484866	1.01586017721264	0.0488550067894085	0.0620714355414045	0.0701370255459152	0.13	0.0685611001108999	eb_exp3
4	2	0.0468495955978751	0.13	0.0706935919885055	0.0668170584772256	63.295089639836	42.0564086610183	1.50645733654607	0.570358216294845	1.28822563337889	2.65881398814605	0.0490681718522188	0.13	0.0683016819096609	0.0754937118674919	0.067191137793901	eb_exp3
5	1	0.13	0.0608264903492833	0.0704240434758179	0.0665178991403938	58.9898074173807	-311.962405716931	12.0841263602104	0.843635442389983	13.3818202463297	2.42904746212234	0.13	0.0615084872121067	0.0696552157415805	0.0771849664692597	0.0682639662101144	eb_exp3
6	3	0.0465555676463865	0.0606586566480554	0.13	0.0663173037041485	60.4370458407571	16.7264801983453	-5.82792449062964	0.506270193813841	1.98368731252736	2.74602619101471	0.0478331690913554	0.0600623909998007	0.13	0.0736823903152536	0.0659796509803727	eb_exp3
1	2	0.0716537669298938	0.13	0.107045364684616	0.138087122503838	51.4421217904522	19.7575366485272	26.5245101611001	0.674188276750487	1.74512725454755	1.51640354982259	0.0794404283580685	0.13	0.104683859792073	0.119528220798052	0.125145400385681	nd_exp3
2	1	0.13	0.0800864512045139	0.105732875860188	0.1365359546566	42.3283842362945	-0.0961476243358408	12.7154998566333	1.05144936473528	2.48539854162458	2.05236485676783	0.13	0.0875364829424319	0.1045961100028	0.119051009309503	0.124467238181007	nd_exp3
3	3	0.0722137847280813	0.0816542192910438	0.13	0.13925082274844	52.5625091115915	22.6111764071917	49.8778657318845	0.148908076523839	1.16126312193255	0.239649022757933	0.073825091192742	0.0830977446962962	0.13	0.126360941465559	0.13472840402123	nd_exp3
4	5	0.0753161811139669	0.085191423740675	0.112639845835939	0.14569389890361	58.4822402690279	60.5543914497324	59.8672045325428	0.0870050729298596	0.016966363022047	0.0401932808230551	0.0765142683265643	0.0864576787299424	0.111666939328682	0.13	0.141053333022236	nd_exp3
5	4	0.0747185699783692	0.0845203629857809	0.111751839251221	0.13	44.7524889543277	47.8161221368981	46.8799420976932	0.153509875542854	0.0499590739719747	0.0816019592971012	0.0760448143180961	0.0854499035630646	0.110367239024215	0.130273630570178	0.13	nd_exp3
6	6	0.0729897026549938	0.0825317627469658	0.109095278631197	0.140864566836965	0	0	0	0	0	0	0.0738797628782095	0.0829588830675323	0.108636383475452	0.127110310159295	0.137786045727353	nd_exp3
1	4	0.0901470524913119	0.0989120023208719	0.155143878328087	0.13	42.8717119865801	45.0023480829188	42.8706771829081	0.347463604887785	0.275448104831537	0.347498581251899	0.0901535629313366	0.0989154904464254	0.155133520794471	0.134529516672745	0.13	ay_exp3
2	5	0.0933785058645723	0.102725437948501	0.160254751430058	0.117144401163352	42.7573849085995	42.5297264458727	42.7573746728236	9.83870503590005e-05	0.00779324309052586	9.87330195831805e-05	0.0933842894727049	0.102728888187889	0.160245368649868	0.13	0.117139477676581	ay_exp3
3	6	0.0937845000082372	0.103205404554053	0.16089632205987	0.117390191461474	0	0	0	0	0	0	0.0937875409307698	0.103209815450208	0.160899473526157	0.139009141580886	0.117385629890198	ay_exp3
4	3	0.0942255740787749	0.103730460336356	0.13	0.117640101236238	24.198693387151	20.8516276379235	24.1985480330008	0.0695680645220356	0.182698886845923	0.0695729774923123	0.0942319818693219	0.103734366022136	0.13	0.139546122768709	0.117645651599421	ay_exp3
5	2	0.0958462738952171	0.13	0.164147564103717	0.118609193532835	66.5824930359796	66.5136231436498	66.5602205072757	0.0125711947765942	0.0148989971373382	0.0133240062467828	0.0973855736190932	0.13	0.16340192331729	0.141241815171445	0.117379712546503	ay_exp3
6	1	0.13	0.104771162982158	0.162982630322913	0.118173028836145	69.3778425955989	69.3832605288969	69.3958272727087	0.00350106951168363	0.00331794336621187	0.0028931874253741	0.13	0.106720022142983	0.162114474160763	0.140271927199368	0.116857065063833	ay_exp3
1	2	0.108227124819345	0.13	0.12590466086176	0.0826942988112333	49.9598501828971	49.0536224601706	49.3083258307914	0.0301874306214761	0.0608179276496333	0.0522089537226514	0.10824657360502	0.13	0.123910230795572	0.0924088265607309	0.0832589211442809	yo_exp3
2	1	0.13	0.115439236618031	0.127598248937341	0.0837649779945525	59.0773283712243	58.8866073620281	58.9350547927673	0.00983459558807085	0.0162809656989032	0.0146434425399181	0.13	0.11515650661066	0.126846075313029	0.0934164872321567	0.0840891991548488	yo_exp3
3	3	0.108310715121079	0.11399337491756	0.13	0.082752338010905	42.2059705222796	41.357666664153	40.7252132875052	0.00329847930374027	0.0319711497084203	0.0533480738391133	0.107482612186562	0.110820954367612	0.13	0.0933442043375469	0.0842478424410085	yo_exp3
4	4	0.107278476170265	0.112962285617665	0.124853768280019	0.13	54.9880576209509	56.717340822045	54.9836693880506	0.273688190280063	0.215238418083082	0.273836512552094	0.107279437840244	0.112953452964359	0.124847843221835	0.0909510901100272	0.13	yo_exp3
5	5	0.109197765727493	0.114879518593147	0.126978428925534	0.0833725214881604	56.6955013138813	55.4844679469435	55.1748797750654	0.0838609140847767	0.124793841887275	0.135257922096755	0.109923544566028	0.113991414773022	0.124177761136232	0.13	0.0850274450526011	yo_exp3
6	6	0.10856028717071	0.114242407688363	0.126272686158797	0.0829245174984871	0	0	0	0	0	0	0.108755014810961	0.113598938943675	0.124637304805566	0.0927739174052893	0.083554007532491	yo_exp3
1	5	0.0532828689328876	0.0672300877037417	0.0812217970217489	0.0682283620918918	70.8862984611038	-377.787834349367	59.1898558621661	0.0389277948765131	15.2041134838704	0.434267554720607	0.0534179606510825	0.0669779621540898	0.083041699857602	0.13	0.0674870437840818	aw_exp3
2	6	0.0532273164663727	0.0670837568061003	0.0810048492201219	0.0681452925278717	0	0	0	0	0	0	0.0517879221453552	0.0675613329296078	0.0812607105285553	0.0832943295296466	0.0649482544379908	aw_exp3
3	4	0.0526324493895651	0.0655911704933514	0.079008347319915	0.13	68.8344629107626	32.5720312485913	41.2413470668055	0.303455481509475	1.52912567169087	1.23610279703523	0.0515102643500631	0.0667230524965155	0.0778219924683034	0.0786057338618898	0.13	aw_exp3
4	2	0.0536587516218115	0.13	0.0824481821824816	0.0686968127585205	79.6304005202359	50.5727356571794	68.9900662446148	0.0277557947106312	1.00990486708194	0.387399093226623	0.0534147466860062	0.13	0.0836360100558792	0.0852636112202486	0.0668550106154966	aw_exp3
5	3	0.0538999071533559	0.068749469292549	0.13	0.0690059364647267	76.0071036794384	69.9197488383216	73.6304435688359	0.00167986995610257	0.20743246358585	0.082010981694466	0.0538138334810363	0.0699289201042892	0.13	0.0874079290797841	0.0678290668984272	aw_exp3
6	1	0.13	0.0655580416485873	0.0789603649311102	0.0673491465498841	71.7214732546489	-873.950330445652	49.4801591193688	0.36243936134327	32.3261463264134	1.11419577911573	0.13	0.0676239998963801	0.0800230340236211	0.0824307725620633	0.0646288909682736	aw_exp3
1	3	0.0794076259769034	0.0688982363461379	0.13	0.0981402466268651	76.996486293261	77.7289075959663	76.9964535394414	0.0410867210580837	0.0163308810266449	0.0410878281371845	0.0794153123480156	0.0689036600241807	0.13	0.0831311667404799	0.0981531524441729	am_exp3
2	2	0.0782889641866822	0.13	0.0738474053496217	0.096962281699553	73.1583127015515	77.0628524459356	73.1525409151213	0.1593346482112	0.0273612048510145	0.159529734592541	0.0782852927324368	0.13	0.0738346108983157	0.0819785461963933	0.0969618811402459	am_exp3
3	1	0.13	0.0668372918924056	0.0726567616422866	0.0958746491891202	66.2457948313891	71.873697916093	66.244801862274	0.198612678150036	0.00838955388704763	0.198646240506129	0.13	0.0668300831738729	0.072667037569498	0.0809305428216121	0.0958748054235736	am_exp3
4	5	0.0770821961281046	0.066660242833628	0.0724550448844322	0.09568132666552	64.6493287905677	70.1033140955167	64.6457602905826	0.197308552491639	0.0129638491843629	0.197429167791133	0.0770849865163742	0.0666635980995529	0.0724566145152483	0.13	0.0956803829636545	am_exp3
5	6	0.0776194765298735	0.0671737078308195	0.0730761126092599	0.0962474071265247	0	0	0	0	0	0	0.0776216417716319	0.0671786430857947	0.073077614852812	0.0812915443547046	0.0962518921901806	am_exp3
6	4	0.0759250996969426	0.0655504335155559	0.0711266775124148	0.13	57.0304747141283	62.1414174086737	57.025854796904	0.26575901021811	0.0930091471424736	0.265915163420289	0.0759274167285558	0.0655550809394863	0.071133262201193	0.0795528785578918	0.13	am_exp3
1	3	0.0703866436524727	0.0606839144631251	0.13	0.0798594548897108	70.8338198420509	-6396.08299106908	70.8345292824254	0.0639990527203107	218.645787261516	0.0639750736356505	0.070381153365332	0.060685352986813	0.13	0.0772242212185961	0.0798554392738051	ko_exp3
2	1	0.13	0.0606028546535631	0.0873665706776193	0.0803492719286658	74.9864001895166	-13.9792620002648	74.9761296445967	0.130098248479889	3.1371376304945	0.130445392898183	0.13	0.0606010875362401	0.0873701819394434	0.0750206024987712	0.0803443857696406	ko_exp3
3	2	0.0711585532525935	0.13	0.0884203323538947	0.0801209668649919	80.6854826362068	-164.678924572556	80.6841069247817	0.0103253977316614	8.30364236138783	0.0103718967778294	0.0711568522532002	0.13	0.0884230667910587	0.0760404032131747	0.0801197904041049	ko_exp3
4	6	0.0710070822387777	0.0606440054996199	0.0886504523701461	0.080068526124888	0	0	0	0	0	0	0.0710031948789363	0.060645429474976	0.088658079652174	0.0762679595545781	0.0800700904853799	ko_exp3
5	5	0.0702848094843398	0.0606896472189351	0.089811656915235	0.0798235115647646	75.5561524945132	50.8581947187322	75.5566426750916	0.0666132287477733	0.90140420156917	0.0665966606442216	0.0702854097361125	0.0606902407411563	0.0898107846340146	0.13	0.0798254282977098	ko_exp3
6	4	0.0713966307386795	0.0606273357775844	0.0880503837654938	0.13	73.5768577731017	-25.5983404567099	73.5730224785314	0.0386865548635402	3.39080825503117	0.0388161878200146	0.0713921637874094	0.0606273911430488	0.0880526730864392	0.0756827986093697	0.13	ko_exp3
