t	c_test	sig1	sig2	sig3	alpha	L1	L00	L_R	MSE1	MSE00	MSE_R	sig1R	sig2R	sig3R	alphaR	lhspR	id
1	3	0.10574879332461	0.105560556111151	0.18	0.887249117169876	190.901731100287	-138.042859544822	179.283129563141	0.00177078287080178	21.3173802566738	0.754656162477856	0.104814196800242	0.105708902718994	0.18	0.853800025470082	0.384050086469283	mm
2	1	0.12	0.097410490797404	0.13474766956104	0.937271621496339	250.629218760891	244.802599476734	246.735962644047	1.0366034509932	1.20441008637691	1.1487292271583	0.12	0.0993987858393021	0.131661435462521	0.894500801977911	0.356602020203752	mm
3	2	0.104266409336747	0.14	0.144005070184419	0.900331312150403	291.209442021303	233.150732426154	277.505665142749	0.194469183561836	2.4703705996917	0.731657237201184	0.105132499086817	0.14	0.139178352545209	0.605650729016102	0.0653975910089968	mm
1	2	0.14881096330994	0.14	0.109854257108298	0.930751743651818	130.277641107097	130.821465007162	130.277329275513	0.510445158672172	0.489127261789619	0.510457382470263	0.148806962371982	0.14	0.109861178264961	0.930683790491165	10	ks
2	1	0.12	0.0947983821473435	0.111514618118161	0.922680287503682	72.471882092985	77.7209873241533	74.4866919878634	0.206238705688405	0.055064475030758	0.14821218071591	0.12	0.0949053172749876	0.110788204223826	0.906998982522683	0.502320736943266	ks
3	3	0.151650710523062	0.0951709791792277	0.18	0.920325700409296	101.763257597811	97.0074981280702	91.3965826334078	0.655384360538706	0.963557574177918	1.32714489823204	0.148958743529314	0.0969369565257994	0.18	0.893349866221757	0.507965525735829	ks
1	2	0.0776275759747332	0.14	0.165302851392779	0.934969035858056	107.362393009106	108.23469973242	108.110083370907	0.0341956709553758	1.24740146110474e-06	0.00488620877277244	0.0803811157777028	0.14	0.157904128106101	0.899422254255593	0.418154213865093	ch
2	3	0.0772468066170908	0.139399039400982	0.18	0.937438103672192	72.7000960130442	65.3149584619717	51.60770101799	0.0044975626144622	0.483054475923962	1.37128475829398	0.0803809705538404	0.132218382868411	0.18	0.879057833535164	0.284445434564033	ch
3	1	0.12	0.133021449238711	0.15696851965435	0.955556792541634	151.473335342734	147.263508795296	151.6944586681	0.84347180815044	0.964714812716669	0.837103456379914	0.12	0.132626474309263	0.156575219191906	0.954819721646021	2.8728084899096	ch
1	3	0.119752579454004	0.111185502843548	0.18	0.759905888235753	109.423269466692	81.2483866919156	109.702229131498	0.107526486760513	1.93325889056604	0.089449900481073	0.119711078016461	0.111241934833148	0.18	0.755451185379871	1.20280383743834	ej
2	2	0.116068759703011	0.14	0.126968532966892	0.829948044341117	136.728116843425	-6961.33101344637	131.119443963622	0.183523310486042	278.427441217846	0.403383287374354	0.111887343853979	0.14	0.129031746894125	0.647955489950489	0.132105847162312	ej
3	1	0.12	0.105299891434476	0.124078368293917	0.853851380745594	122.127606040508	67.6123414364661	119.205101052837	0.2330379541185	1.8030775747149	0.31720609776342	0.12	0.103736643798475	0.124177816857342	0.590994212405757	0.0657929331948832	ej
1	3	0.0863118819879217	0.0991500895100918	0.18	0.967437715758005	86.2830797745288	-4126.37423519732	-36.8218957685409	0.75165509833745	273.731849108513	8.72885751352837	0.0863581338005444	0.0977730900806374	0.18	0.919974925019608	0.239170165555673	aa
2	1	0.12	0.0964240104092252	0.128663358806831	0.973600908742942	138.99930326398	142.624220810642	138.970087480782	0.657223058754001	0.552825433410143	0.658064473310122	0.12	0.0964032992800536	0.128630369374921	0.973595666950929	10	aa
3	2	0.0888552954794594	0.14	0.13620488924081	0.959076044880602	143.448734433286	139.289524890435	138.449789928734	0.186629402308327	0.34967041638806	0.382588026886768	0.090957066434997	0.14	0.132869194746642	0.936226048952146	0.435104630155744	aa
1	3	0.0813749637984952	0.0967900159907384	0.18	0.979140274008843	90.9606228231415	99.9547340801526	90.9188147994882	0.584068854117228	0.00125044466291427	0.586778014049965	0.0813768661347918	0.0967856748406575	0.18	0.979126581524778	10	cf
2	2	0.0787039724616467	0.14	0.132563944772801	0.984043631227173	120.567746514416	117.709447659379	116.800628970356	1.20738033445387	1.31942564957131	1.35505134218103	0.079327035880272	0.14	0.131467665921442	0.981763111805542	0.896279589148685	cf
3	1	0.12	0.0961317368445922	0.136180577811278	0.980212815104766	166.220412291745	162.164948188126	163.282644134893	0.594542231691557	0.7113395978758	0.6791499546089	0.12	0.0990936037631877	0.131369753619845	0.957091819808661	0.372694266842717	cf
1	1	0.12	0.265362114042187	0.295941143955199	0.838481774458995	-207.2325958159	-1872.69540205654	-223.76791491815	0.0133410633053022	47.9786698830357	0.489558253450118	0.12	0.264538739263936	0.295635169666829	0.55598408531996	0.105940492989968	pa
2	2	0.252554596009066	0.14	0.307450879274428	0.788367579319769	-177.952912398244	-1977.47383949369	-207.183350399059	1.13224509066865	71.6734654328101	2.27807826030061	0.247568004712579	0.14	0.308757085622745	0.578597629252752	0.183145069292339	pa
3	3	0.255719633356527	0.279119688184481	0.18	0.752830349656839	-136.78706205859	-1107.97832003823	-157.460521023373	3.29808284390691	66.2312763609878	4.63772298482484	0.252649999254513	0.281421768429078	0.18	0.53140501151733	0.0826062542852957	pa
1	3	0.081887132825321	0.0800092311826829	0.18	0.628208899322495	119.554846491917	-68907.1848205475	119.553555676942	9.08310899841653e-05	4472.93282125524	0.000174475900403974	0.0818910168989728	0.0800197895664771	0.18	0.628016130161966	2.75066064885889	jm
2	2	0.0818997176861907	0.14	0.107506531213996	0.626612021893952	170.342158374008	154.285081480625	170.341132553628	0.00017423757011351	0.629611651790718	0.000214449729019446	0.0818990394596352	0.14	0.107506388765125	0.626453129345578	2.82769010479667	jm
3	1	0.12	0.0780727619481174	0.104884415186002	0.709424101865049	175.502874717872	175.805228687944	175.447026528766	0.260672017027512	0.251964222689425	0.262280444873767	0.12	0.0780816828966365	0.104879112792988	0.708604464367272	2.01917649998658	jm
1	1	0.12	0.166398615180331	0.193907011234149	0.966213844751693	-3.86208173881804	-58.3684745060378	-5.83784928028759	0.019799991766468	1.5895841034624	0.0767020969607907	0.12	0.168696225328736	0.190378973084991	0.891356886930842	0.378240223641219	ck
2	3	0.177136895385219	0.186899329092317	0.18	0.921110992201761	23.2364971536097	-95.3829094433226	25.3820691177343	1.25365992419812	8.94019747167934	1.11462686092285	0.171441042454168	0.188693445014422	0.18	0.829423800272769	0.372062347761672	ck
3	2	0.174695871550144	0.14	0.214970497553245	0.929863138414523	34.4028997293291	-6501.75675900323	9.45719595501474	0.785790798356071	257.003249420673	1.7636623863092	0.173122354168294	0.14	0.210667105332443	0.654524766899501	0.131386747150573	ck
1	2	0.198442289775738	0.14	0.170967123622178	0.70951578359129	78.7214928681981	78.7803457355314	78.7642750338485	0.00394785379073351	0.00164082139126982	0.0022707928972365	0.198346764843095	0.14	0.171055021073634	0.699412541151079	1.13607356601646	st
2	1	0.12	0.146532729781112	0.171749419171013	0.69496729947551	-33.1220413797748	-38.3367556948659	-36.7483526224875	0.166828742403858	0.317012514678482	0.271266506193984	0.12	0.14699161198419	0.171103147198724	0.570195018165726	0.155878427257309	st
3	3	0.199233675530063	0.146450009892091	0.18	0.697041905640628	53.0293060813954	53.0254187520189	53.0293827941735	4.72419576435537e-05	0.000299140901241498	4.22709696218367e-05	0.198346976909091	0.147030987830205	0.18	0.647044275892817	0.447554627452992	st
1	1	0.12	0.0959106938244196	0.136538240312744	0.606794993373649	178.016760738674	173.940414964701	176.560113144437	0.201839378927705	0.319238137218123	0.243790829641714	0.12	0.0949350424957093	0.136838788808399	0.521125842356719	0.0559409657391421	ml
2	3	0.0832284361741533	0.0962132978508521	0.18	0.464416435710983	89.1546880849499	90.8088353797441	89.147421081058	0.546260626255754	0.439071881553091	0.546731528107951	0.0832287733425637	0.0962128668306641	0.18	0.464450246742746	4.48709695698039	ml
3	2	0.0840618629050714	0.14	0.13840765200356	0.553611085586217	153.778568915795	142.772140495053	152.174583639023	0.0167651367528647	0.448217130845933	0.079641359602323	0.083696007593051	0.14	0.13770366839044	0.531034788046567	0.118466173251356	ml
1	1	0.12	0.123711899044531	0.146363196690273	0.847849774109333	163.587884028418	166.898468819271	165.448302120504	0.096058872352568	0.000714030375986149	0.0424788313004903	0.12	0.123840408414705	0.144517427706874	0.559068072393421	0.0489472386787587	pc
2	3	0.0966488378983768	0.126107381747731	0.18	0.820620924744539	91.3543357694531	91.2455922000316	91.3548751530613	0.000504296393395009	0.00755087969190851	0.000469344335585023	0.0966511849145914	0.126111461128145	0.18	0.820594447494283	10	pc
3	2	0.0945336383581607	0.14	0.145936796615157	0.851081452974272	119.320886693823	116.437856173257	116.568469966469	0.0868402997738392	0.199855096180042	0.194735035486117	0.0964239849174793	0.14	0.142305073834497	0.76684099857144	0.278896904608862	pc
