sigma	condition	id	jnd	mu
0.299952702068935	0.3	mm	0.535517002891668	1.11847882866827
0.90943743401739	0.9	mm	0.71130672681545	1.03962599789052
1.51872259663646	1.5	mm	1.66041497797908	0.565798756001416
0.299952702068935	0.3	ml	0.370938369456094	0.766970549529743
0.90943743401739	0.9	ml	0.712571913506375	0.891349850514666
1.51872259663646	1.5	ml	1.34029495307449	0.922744249510122
0.299952702068935	0.3	ks	1.21736012608325	1.16645049995293
0.90943743401739	0.9	ks	1.06883636029219	1.0339144206804
1.51872259663646	1.5	ks	1.42953446907425	1.26145868603156
0.299952702068935	0.3	ch	1.8684686932869	-1.12857719719003
0.90943743401739	0.9	ch	2.20586476570173	-1.08447930260448
1.51872259663646	1.5	ch	5.26768491242231	-1.0485712161513
0.299952702068935	0.3	ej	0.709672231069616	-0.186484409019366
0.90943743401739	0.9	ej	0.758815673319381	-0.0363091633863858
1.51872259663646	1.5	ej	1.38870594763352	0.308267804957079
0.299952702068935	0.3	aa	1.52754747937786	-0.71400785378977
0.90943743401739	0.9	aa	1.24314646772714	-0.808106882421333
1.51872259663646	1.5	aa	2.28786955511066	-1.50883629383255
0.299952702068935	0.3	cf	0.135229153623862	0.0630863363744514
0.90943743401739	0.9	cf	1.26016719406078	0.124443197714587
1.51872259663646	1.5	cf	0.0695769558379794	0.198325280662006
0.299952702068935	0.3	pa	0.983048008554405	0.892961376239208
0.90943743401739	0.9	pa	1.13759354823238	0.785466467176858
1.51872259663646	1.5	pa	1.75309342713196	1.14747358304205
0.299952702068935	0.3	jm	0.326044404462457	0.656455075592049
0.90943743401739	0.9	jm	0.369539439861091	0.522088571018356
1.51872259663646	1.5	jm	0.894158990058708	0.199769288406858
0.299952702068935	0.3	ck	0.437204289931788	0.107947977139774
0.90943743401739	0.9	ck	0.42068935876036	-0.0894428659836395
1.51872259663646	1.5	ck	1.99882704476182	0.263681797547968
0.299952702068935	0.3	st	0.921282523701949	-0.044326035143841
0.90943743401739	0.9	st	0.869422728209595	-0.0478095893158144
1.51872259663646	1.5	st	1.61766173908932	0.0122019062925173
0.299952702068935	0.3	pc	0.39333495311074	-0.53949756035682
0.90943743401739	0.9	pc	0.584883140244296	-0.745749148291949
1.51872259663646	1.5	pc	1.12790181850853	-1.3452216708968
